0  1.083211e+05
1  6.542608e+04
2  5.372218e+04
3  4.394496e+04
4  3.540768e+04
5  3.073693e+04
6  2.741729e+04
7  2.343169e+04
8  1.992494e+04
9  1.677999e+04
10  1.433066e+04
11  1.267991e+04
12  1.198477e+04
13  1.049659e+04
14  9.483797e+03
15  8.451010e+03
16  7.551990e+03
17  6.980824e+03
18  6.595456e+03
19  6.097028e+03
20  5.566191e+03
21  5.093276e+03
22  4.754836e+03
23  4.432594e+03
24  4.175962e+03
25  3.908999e+03
26  3.541983e+03
27  3.319082e+03
28  3.169429e+03
29  2.961773e+03
30  2.807832e+03
31  2.694062e+03
32  2.526758e+03
33  2.402809e+03
34  2.225464e+03
35  2.132706e+03
36  2.000748e+03
37  1.903558e+03
38  1.830523e+03
39  1.729232e+03
40  2.110375e+04
41  1.411256e+04
42  2.773221e+04
43  1.375326e+04
44  1.374937e+04
45  1.036811e+04
46  9.416807e+03
47  8.726480e+03
48  6.164327e+03
49  6.409250e+03
50  4.884528e+03
51  4.190705e+03
52  4.043590e+03
53  3.088710e+03
54  2.797596e+03
55  2.397788e+03
56  2.112213e+03
57  2.038774e+03
58  1.714607e+03
59  1.556707e+03
60  1.353802e+03
61  1.161080e+03
62  9.911007e+02
63  9.329040e+02
64  8.170358e+02
65  6.338188e+02
66  5.777783e+02
67  4.153754e+02
68  2.416942e+02
69  2.480035e+02
70  3.310019e+02
71  1.426294e+02
72  1.834597e+02
73  7.480447e+01
74  -7.101149e+01
75  -6.105701e+01
76  -2.551481e+01
77  -1.004984e+02
78  -1.715781e+02
79  -1.065742e+02
