2.176604169999999867e+05
1.076347189999999973e+05
1.135977690000000075e+04
1.759535899999999965e+05
9.203479989999999816e+04
1.044566409999999996e+04
1.907557119999999995e+05
1.151335460000000021e+05
1.388830700000000070e+04
2.239771380000000063e+05
1.562190160000000033e+05
2.341385740000000078e+04
2.064971590000000142e+05
1.642410370000000112e+05
2.368464159999999902e+04
2.215240450000000128e+05
2.059122470000000030e+05
3.274691830000000118e+04
2.563252699999999895e+05
2.820344839999999967e+05
4.794251230000000214e+04
3.212265769999999902e+05
4.224092739999999758e+05
7.649860599999999977e+04
4.393918640000000014e+05
6.952342659999999451e+05
1.335535579999999900e+05
6.556347179999999935e+05
1.249948280000000028e+06
2.534770670000000100e+05
1.083932189999999944e+06
2.472442640000000130e+06
5.268361090000000549e+05
2.108870450000000186e+06
5.652973639999999665e+06
1.260098949999999953e+06
5.350578349999999627e+06
1.646498319999999925e+07
3.835534390000000130e+06
1.929640410000000149e+07
6.650968920000000298e+07
1.622135859999999963e+07
1.013948110000000000e+08
3.776924130000000000e+08
9.625318520000000298e+07
8.164603450000000000e+08
3.138497780000000000e+09
8.296568540000000000e+08
1.189958060000000000e+10
4.590393160000000000e+10
1.255633770000000000e+10
3.710793200000000000e+11
1.414301430000000000e+12
4.003023600000000000e+11
