0  5.646148e+04
1  5.812523e+04
2  5.997342e+04
3  6.179654e+04
4  6.344333e+04
5  6.480250e+04
6  6.578683e+04
7  6.631967e+04
8  6.632579e+04
9  6.572843e+04
10  6.445409e+04
11  6.244534e+04
12  5.967966e+04
13  5.621001e+04
14  5.225900e+04
15  4.806103e+04
16  4.381233e+04
17  3.977646e+04
18  3.617191e+04
19  3.309469e+04
20  3.052266e+04
21  2.822924e+04
22  2.576150e+04
23  2.290314e+04
24  1.974509e+04
25  1.669473e+04
26  1.429968e+04
27  1.267524e+04
28  1.129488e+04
29  9.745129e+03
30  8.193493e+03
31  7.028892e+03
32  6.093612e+03
33  5.173416e+03
34  4.384814e+03
35  3.725588e+03
36  3.137036e+03
37  2.636073e+03
38  2.204398e+03
39  1.836934e+03
40  1.169417e+04
41  1.373435e+04
42  1.577105e+04
43  1.776630e+04
44  1.967404e+04
45  2.144003e+04
46  2.300241e+04
47  2.429345e+04
48  2.524313e+04
49  2.578555e+04
50  2.586942e+04
51  2.547470e+04
52  2.463795e+04
53  2.346642e+04
54  2.201630e+04
55  2.033585e+04
56  1.852946e+04
57  1.670124e+04
58  1.495978e+04
59  1.341638e+04
60  1.209508e+04
61  1.094158e+04
62  9.774848e+03
63  8.538591e+03
64  7.316081e+03
65  6.184231e+03
66  5.219757e+03
67  4.400329e+03
68  3.641848e+03
69  3.022992e+03
70  2.498548e+03
71  1.980275e+03
72  1.500835e+03
73  1.131143e+03
74  7.998926e+02
75  4.894387e+02
76  2.432256e+02
77  3.295841e+01
78  -1.402020e+02
79  -2.755968e+02
