0  1.083211e+05
1  9.806298e+04
2  8.994723e+04
3  8.345308e+04
4  7.818979e+04
5  7.385707e+04
6  7.021820e+04
7  6.708170e+04
8  6.428898e+04
9  6.170613e+04
10  5.921893e+04
11  5.673024e+04
12  5.415913e+04
13  5.143398e+04
14  4.845662e+04
15  4.514553e+04
16  4.149438e+04
17  3.786241e+04
18  3.470984e+04
19  3.220471e+04
20  3.018007e+04
21  2.819626e+04
22  2.556191e+04
23  2.262593e+04
24  1.976101e+04
25  1.686972e+04
26  1.435683e+04
27  1.258917e+04
28  1.146943e+04
29  9.721595e+03
30  8.174033e+03
31  6.992375e+03
32  6.178001e+03
33  5.122656e+03
34  4.368530e+03
35  3.618679e+03
36  3.046869e+03
37  2.570967e+03
38  2.112797e+03
39  1.729232e+03
40  2.110375e+04
41  1.800977e+04
42  1.532307e+04
43  1.318002e+04
44  1.172594e+04
45  1.110527e+04
46  1.144482e+04
47  1.282686e+04
48  1.524739e+04
49  1.855303e+04
50  2.234742e+04
51  2.585439e+04
52  2.772003e+04
53  2.611851e+04
54  2.123414e+04
55  1.531302e+04
56  1.219952e+04
57  1.277808e+04
58  1.376277e+04
59  1.210405e+04
60  9.875592e+03
61  9.372825e+03
62  9.390855e+03
63  8.161692e+03
64  6.117548e+03
65  6.416136e+03
66  4.903523e+03
67  4.185323e+03
68  3.724295e+03
69  2.842235e+03
70  2.288066e+03
71  2.044017e+03
72  1.577528e+03
73  1.175052e+03
74  9.170975e+02
75  5.920590e+02
76  2.193841e+02
77  1.674957e+02
78  -5.107284e+01
79  -1.065742e+02
