0  5.646148e+04
1  6.639224e+04
2  5.915179e+04
3  4.662214e+04
4  3.699375e+04
5  3.123011e+04
6  2.745588e+04
7  2.374439e+04
8  1.992435e+04
9  1.660311e+04
10  1.427781e+04
11  1.281427e+04
12  1.169227e+04
13  1.058905e+04
14  9.463981e+03
15  8.439306e+03
16  7.635885e+03
17  7.013774e+03
18  6.496581e+03
19  6.022970e+03
20  5.568437e+03
21  5.143974e+03
22  4.771962e+03
23  4.451435e+03
24  4.169780e+03
25  3.911758e+03
26  3.672927e+03
27  3.451562e+03
28  3.249075e+03
29  3.063786e+03
30  2.895435e+03
31  2.739967e+03
32  2.596237e+03
33  2.463215e+03
34  2.339970e+03
35  2.223555e+03
36  2.116351e+03
37  2.016979e+03
38  1.923529e+03
39  1.836934e+03
40  1.169417e+04
41  2.489128e+04
42  2.446465e+04
43  1.973390e+04
44  1.536399e+04
45  1.246059e+04
46  1.056950e+04
47  8.886052e+03
48  7.382868e+03
49  6.149489e+03
50  5.209994e+03
51  4.478799e+03
52  3.841815e+03
53  3.334040e+03
54  2.927825e+03
55  2.587332e+03
56  2.272604e+03
57  1.972688e+03
58  1.711332e+03
59  1.466380e+03
60  1.276377e+03
61  1.119903e+03
62  9.679539e+02
63  8.312249e+02
64  6.928801e+02
65  5.699664e+02
66  4.673750e+02
67  3.751139e+02
68  2.906706e+02
69  2.127855e+02
70  1.448285e+02
71  7.601740e+01
72  1.670057e+01
73  -3.912676e+01
74  -8.787411e+01
75  -1.327201e+02
76  -1.745346e+02
77  -2.110782e+02
78  -2.435676e+02
79  -2.755968e+02
