0.000000000000000000e+00 0.000000000000000000e+00 0.000000000000000000e+00 0.000000000000000000e+00 0.000000000000000000e+00 0.000000000000000000e+00 0.000000000000000000e+00 0.000000000000000000e+00
-7.317199750561486814e-08 1.197246295280178186e-09 4.744226543006480330e-08 7.746008834824769164e-08 3.157600730228527669e-08 1.147469250257454152e-07 -1.536350494794465667e-07 -2.414651320072193157e-08
-5.333881816148471407e-08 2.477626264310078577e-08 4.693342471828077972e-08 5.967578415583694473e-08 5.688122038809224113e-08 8.985281213574045459e-08 -6.082891164554502764e-08 1.025279038183255007e-07
-3.744381569285346073e-08 3.435197148623736037e-08 3.914730911170926172e-08 2.650480137576460165e-08 5.801976544090631209e-08 8.083697059636737188e-08 -2.274133837688960629e-08 1.180365519390939267e-07
-2.520972743981048355e-08 3.459861846172568152e-08 2.697643810272649170e-08 -5.782978155540305248e-09 4.909754621094627783e-08 7.087812598351932123e-08 -1.661499966498913774e-09 7.385415730511993660e-08
-1.618318167740085333e-08 2.967912590323086097e-08 1.418777567518124877e-08 -2.511678832580808758e-08 3.808638133572264691e-08 5.332889212199016079e-08 1.440601690133853922e-08 3.770872533759986250e-08
-9.845721557592420222e-09 2.282167737048836019e-08 3.946609675307190666e-09 -2.861636768552565552e-08 2.568749598036573619e-08 3.206307195813609515e-08 1.804392284301603008e-08 1.568484176204271360e-08
-5.630081714817255071e-09 1.602845097963591296e-08 -1.828271447209328755e-09 -2.156130417863851529e-08 1.473142866663087635e-08 1.547343012590955542e-08 8.516192038467781219e-09 -7.757690911537557986e-09
-2.983048780859020755e-09 1.059986920513710456e-08 -5.523285485113539957e-09 -1.187199068545753026e-08 7.357970867523854611e-09 4.491415131941836891e-09 7.270523341578978213e-10 -5.586190611277418069e-09
-1.440943237638752504e-09 6.495152117227526112e-09 -6.888916097727268561e-09 -4.600703373347094081e-09 3.418694832941224838e-09 -6.398036767418089357e-10 1.619331479828320584e-10 -1.421645207778369592e-09
-6.107291203327260891e-10 3.710974331178883863e-09 -6.753924582275269371e-09 -5.439752865463798309e-10 2.388159397553231561e-09 -2.317049774191348964e-09 3.736181336161909657e-09 3.917747896011624386e-09
-2.129280350494439374e-10 1.970845007214599542e-09 -5.814279916439007689e-09 1.165895481119125120e-09 2.587898639798501148e-09 -1.763852085266204657e-09 8.827646487925635845e-09 3.214542089283763282e-09
-4.375734505249309966e-11 9.547691833892675798e-10 -4.597911735559879960e-09 1.597068817905447440e-09 2.841190419027564815e-09 -5.473811836076631554e-10 1.233774825202901219e-08 1.922300386702047597e-09
1.830013756759295650e-11 4.418003388902439223e-10 -3.408123099030619771e-09 1.350425030031120030e-09 2.481453752342198614e-09 1.778429245302713028e-10 1.372927202533100740e-08 2.328808933215671596e-09
3.567573108912979432e-11 1.875541473398123977e-10 -2.268263389844873224e-09 8.339108938304662104e-10 1.964151985080424018e-09 4.171061548558991449e-10 1.284006038435895650e-08 2.540867500607329411e-09
4.055541910181494610e-11 5.501942037244466466e-11 -1.365284271095371035e-09 3.801445852841720016e-10 1.343165446046376755e-09 3.960633507775008771e-10 1.162753666668494300e-08 2.896169753212006695e-09
4.116670618686434301e-11 -1.091891426077030961e-11 -6.621216452013031617e-10 6.531214854468051105e-11 7.621891072541046772e-10 3.104405787292303568e-10 9.369150461152431375e-09 3.365091611044991686e-09
4.106110306716607226e-11 -3.981351806511860892e-11 -1.707535729817053945e-10 -1.353368833819830227e-10 2.649866701790248237e-10 2.064740884404459333e-10 7.083088399075250640e-09 2.800123429353151194e-09
3.724602270763633957e-11 -5.850510802985203727e-11 1.275060191598874113e-10 -2.098566368459521159e-10 1.025828121664484663e-11 1.419014180284954418e-10 4.671761558656469598e-09 1.632006594262843586e-09
3.006594644988423057e-11 -5.837794391977801949e-11 2.405250136278913275e-10 -2.137253649711631668e-10 -4.945321403636006977e-11 1.523107122478119759e-10 2.235469422377501372e-09 -2.935597970954933726e-10
2.118608745635049981e-11 -5.548924654949981432e-11 2.320089772436333375e-10 -1.727664084456128290e-10 2.671423659652165416e-11 1.870094709512666484e-10 -1.901059939382610269e-10 -2.574482356287924589e-09
1.269750983650463635e-11 -4.894510585436127754e-11 1.759914586633308216e-10 -1.244782256022128401e-10 1.383851774032919086e-10 2.223678954075695009e-10 -1.944357967687990430e-09 -4.254009687343056519e-09
6.452233474076407054e-12 -3.520370289504303656e-11 1.041493258008035563e-10 -7.074385504450748862e-11 1.549762760968746239e-10 1.819333211991362974e-10 -2.171760155136800290e-09 -3.966925984679866909e-09
3.552340762719525397e-12 -1.134486101404525655e-11 3.916129306505160338e-11 -2.211689058164931661e-11 1.637046893875233571e-11 3.413879952135145700e-11 -3.272881055863903522e-10 -6.198303044045835384e-10
2.530313669446873662e-12 9.413639840001099500e-12 -2.101679224772207408e-12 1.092792078802674461e-11 -1.387604706978572253e-10 -1.088920595963075673e-10 1.681252893526852264e-09 2.765353822645049623e-09
1.127529195685937950e-12 6.678616219705633632e-13 2.725616136032840132e-12 4.652479795673161062e-12 -3.468630127179634571e-11 -2.898403231105573191e-11 3.218047933357975213e-10 6.185974490355507582e-10
0.000000000000000000e+00 0.000000000000000000e+00 0.000000000000000000e+00 0.000000000000000000e+00 0.000000000000000000e+00 0.000000000000000000e+00 0.000000000000000000e+00 0.000000000000000000e+00
-1.000953616338205765e-07 2.712934154439329680e-08 8.179145318640738422e-08 1.156455955805576678e-07 1.105577935016008477e-07 1.458357481981747090e-07 -1.679398166265095883e-07 -5.987048332833819826e-08
-7.084051031866087691e-08 5.263336799782068718e-08 7.127007628309642366e-08 7.514270200709406396e-08 1.049918601315475649e-07 1.220718004617029410e-07 -5.930639558315841961e-08 8.565757148242777792e-08
-4.811810857429609636e-08 5.855773803241370412e-08 5.326936621552680844e-08 1.837409769261448084e-08 8.315720711559513348e-08 1.154865386794466171e-07 -2.171632761938938412e-08 1.004884355257935010e-07
-3.125034096019457810e-08 5.294579498156585051e-08 3.187710978542282777e-08 -2.785343016845893106e-08 6.118876778918592535e-08 9.510301749689784634e-08 5.971555407423514402e-09 5.719676685322113581e-08
-1.927195624188790482e-08 4.236610202004196064e-08 1.247835785811120410e-08 -4.606651660100950406e-08 4.302086555225077620e-08 6.435763334804397699e-08 1.607415158299573175e-08 2.698714683214399958e-08
-1.118124874026146373e-08 3.083460592073447611e-08 -1.618186297382135935e-09 -3.958885040434385954e-08 2.517374612856721955e-08 3.354227446716034735e-08 9.151463929814194230e-09 -7.023642950408920938e-09
-6.029977460567612321e-09 2.060776770143887277e-08 -7.950012976394987628e-09 -2.322534208789529638e-08 1.370899313401313903e-08 1.445451050909175771e-08 -6.222475764893484218e-09 -2.380367666901654108e-08
-2.968612346754230206e-09 1.290663063438933325e-08 -1.156320502448900948e-08 -9.555207753283029638e-09 6.459546114168458754e-09 3.007616974328516150e-09 -1.514322106060266262e-08 -2.680748928398233092e-08
-1.302115918223545127e-09 7.374793288974744684e-09 -1.180618099338063415e-08 -1.254548688489341276e-09 3.654389942247747482e-09 -1.814314127944558445e-09 -9.062295718342252281e-09 -1.200145540253055458e-08
-4.777121539021268915e-10 3.904194982713741562e-09 -1.051161970447025076e-08 1.981648455942896481e-09 4.739203914590494828e-09 -2.274196063710164461e-09 1.636926091466473360e-09 -1.121100630299024530e-08
-1.240960501188537283e-10 1.936246199957280089e-09 -8.326238372902282254e-09 2.900787530376752053e-09 5.608376978431930476e-09 -7.421133365343957406e-10 7.401044059590985870e-09 -1.240647218710330500e-08
5.852079026178649254e-12 8.300758349658188784e-10 -6.289700618200413751e-09 2.516682093996594725e-09 5.383458885514312196e-09 8.574832065321954667e-10 1.149305467502868618e-08 -8.854859325391156296e-09
4.363750535290268023e-11 3.182253312818403602e-10 -4.356724068472672169e-09 1.851101483518434577e-09 4.535398006282139853e-09 1.264768890703102885e-09 1.230407139236187225e-08 -1.267763674781144416e-08
5.417752223280904465e-11 7.092818210290453001e-11 -2.714453547484263512e-09 7.538077300897842781e-10 3.550716370701232106e-09 1.231279997735723470e-09 1.057268373047413600e-08 -1.011211998201743265e-08
5.920410678132264186e-11 -6.410242272026022173e-11 -1.407328474435998551e-09 1.203596874613197314e-10 2.362421037365810538e-09 1.026247203330700416e-09 8.874874613321402759e-09 -7.789105252747324000e-09
6.242206457381507963e-11 -1.210738247066908340e-10 -4.365401156427768452e-10 -2.952479732102301509e-10 1.330647171137647716e-09 7.750849236410191749e-10 6.262583592627867777e-09 -6.254546627251808383e-09
6.339353767009780576e-11 -1.336185523170275590e-10 1.817346303761201097e-10 -4.248134108430239084e-10 4.186451734765732553e-10 6.384557590899994987e-10 4.052399641644148683e-09 -4.477794056308291266e-09
5.593821807470548737e-11 -1.235062311004851745e-10 4.711516225012161744e-10 -3.504308141773191568e-10 -6.285870435013728615e-11 5.416720585678270634e-10 2.367630960182970860e-09 -3.168933412008485338e-09
4.105492029643406627e-11 -9.188762063200783957e-11 4.333557262721225868e-10 -3.443527983769762210e-10 -7.022281807456658640e-11 2.510136431614148458e-10 1.607295209016255175e-09 -1.972368834287640912e-09
2.638741414956604736e-11 -5.916616593031494258e-11 2.933109603946232403e-10 -2.269204883721451719e-10 -2.444871160225462904e-11 6.277578166429101997e-11 9.133647726528791578e-10 -1.070315198519662068e-09
1.565295091535875314e-11 -3.329775102146465000e-11 1.797620476051643608e-10 -8.068410161997877904e-11 -8.766235194576431169e-11 9.389602716802183175e-11 2.941301261156346586e-10 -3.512222936527920197e-10
7.078075222075926367e-12 -1.768493216827049989e-11 6.815295116612671097e-11 -6.546875488513340244e-11 -2.374727219953268910e-11 3.251037260060929084e-11 1.414508137549070871e-10 -1.255388336319997524e-10
3.552089924897262412e-12 -8.087323089562721150e-12 3.171918579739269103e-11 -1.247567255339792846e-11 1.405561181742630237e-11 -1.739324598977097200e-11 -5.670283392936477246e-12 -9.108911761592727883e-12
1.903225820507810873e-12 -4.762370097044433274e-12 1.417372656966083316e-11 -5.117199151522255029e-12 -1.630418617630636864e-11 1.135858067711681238e-11 -6.842794880555001514e-11 3.780659909841222799e-11
1.089625196723067992e-12 -2.099711582917381293e-12 5.810332050130043368e-12 7.427207196829540117e-12 -9.955156025740512329e-12 -7.619606393282489696e-12 -7.807129601432643870e-11 4.668872938909276330e-11
0.000000000000000000e+00 0.000000000000000000e+00 0.000000000000000000e+00 0.000000000000000000e+00 0.000000000000000000e+00 0.000000000000000000e+00 0.000000000000000000e+00 0.000000000000000000e+00
-1.097632099088848072e-07 3.507415836988855888e-08 9.461678980668405145e-08 1.315137459903002823e-07 1.414359422333761039e-07 1.623692927767008536e-07 -1.715419307961429953e-07 -6.588647041960340253e-08
-7.721444406335451917e-08 6.169429054755444603e-08 8.157165689902780697e-08 8.130524430341165937e-08 1.262936224710969193e-07 1.362117010227214236e-07 -5.377460540904218264e-08 1.144209503637676893e-07
-5.207640235539325163e-08 6.682933508895675668e-08 5.927267258839596854e-08 1.496895495764313358e-08 9.427485484580947623e-08 1.278660421002635366e-07 -2.102452051705930544e-08 1.052227538412545606e-07
-3.352517916020145054e-08 5.934789829083672027e-08 3.421341318397280925e-08 -3.719187769220691523e-08 6.807111991824676196e-08 1.023634934426030143e-07 1.091967459443143998e-08 1.008045863422255690e-08
-2.047350255917223985e-08 4.696356870814425093e-08 1.227174481595357143e-08 -5.433717916985836201e-08 4.644165563073740551e-08 6.920974610667674628e-08 1.847821309385330874e-08 -5.807933379933766391e-09
-1.171342794150074931e-08 3.383618957498116162e-08 -3.057842744412165324e-09 -4.432899644484992962e-08 2.419348342334589452e-08 3.465457800376716524e-08 9.012734364770993873e-09 -1.618060099712763812e-08
-6.193414398802092934e-09 2.228958860931942471e-08 -1.009199018080572271e-08 -2.451499879065287010e-08 1.117538497895145405e-08 1.360240538518032495e-08 -6.159588966640316180e-09 -2.597926105761912611e-08
-2.972246099152796184e-09 1.372610063284404392e-08 -1.375138211176537653e-08 -8.937398871796870696e-09 5.331195252706426697e-09 9.936113698925713107e-10 -1.371085919550651100e-08 -1.774265938867007348e-08
-1.254548022090115675e-09 7.731730304917614621e-09 -1.367503304699134871e-08 -5.268157822289750233e-10 4.465598477004837543e-09 -2.924554944147950411e-09 -9.834984588999344995e-09 -1.419516014477365582e-08
-4.340291276847492807e-10 4.009902757216560678e-09 -1.190319419768339944e-08 2.446531581272820275e-09 5.591160765855084672e-09 -2.245969550191486637e-09 2.692354675635186465e-10 -8.808996351875548654e-09
-9.769790052957442981e-11 1.948748822727699655e-09 -9.435706347309901895e-09 3.391051003923178780e-09 6.381394755168422462e-09 -8.212876996218165963e-10 9.118047587377757821e-09 -1.318733089487541642e-08
1.653023382789143742e-11 8.221768065150097088e-10 -7.004448853437462553e-09 2.989035333507530275e-09 6.032342349281458601e-09 1.271742393153082102e-09 1.486363950565456119e-08 -1.269014178088739176e-08
4.966929308069077123e-11 3.036268361072527278e-10 -4.848318810402034114e-09 1.958926846146558649e-09 5.177835534745499731e-09 1.973173505132621787e-09 1.328818187865696310e-08 -1.314437675604632162e-08
5.878555184389014746e-11 5.149925601299237738e-11 -2.953128873429976631e-09 8.988940668488441031e-10 3.793239116719581429e-09 1.399446426130842192e-09 1.196402208325587840e-08 -1.017459631211013971e-08
6.628224659515247672e-11 -9.018530461894101236e-11 -1.445440501847122927e-09 2.085806948714272194e-10 2.444184817899606959e-09 1.229555236669050311e-09 9.834288473962165739e-09 -1.000647191198553633e-08
7.287554127733976782e-11 -1.383149523845330290e-10 -3.281360575867615069e-10 -2.939289462520919113e-10 1.264827749057272979e-09 9.949871596171386867e-10 6.208669373180555479e-09 -5.954967978120626065e-09
7.220781337596254480e-11 -1.585432337294207901e-10 2.968054399172765992e-10 -5.339368582547481596e-10 4.778885793054648020e-10 5.831949490611364135e-10 4.576453215182305853e-09 -5.003572782385240124e-09
6.256600880887733465e-11 -1.391415831645987700e-10 5.743081022714042226e-10 -5.025823323639186921e-10 1.297880503947946468e-11 4.413537903325806929e-10 2.585662479517194764e-09 -3.354053961384528162e-09
4.615151801861056301e-11 -1.042056665828132102e-10 5.196042820599614673e-10 -3.808155116784386328e-10 -1.271509360614925994e-10 2.571889901435840959e-10 1.698611121544781316e-09 -2.168174116469519237e-09
2.878874086389733551e-11 -6.442415951383518636e-11 3.310755447524077457e-10 -2.109051189221467997e-10 -1.212152710579583351e-10 1.516855026839538725e-10 8.488397229551518840e-10 -1.109493939746062414e-09
1.511847303384356083e-11 -3.294246131713893724e-11 1.643628297474526926e-10 -1.052573175347103720e-10 -5.065818867201417353e-11 7.727815155189684584e-11 3.600476939765696310e-10 -3.271559690136483546e-10
7.343016564206982495e-12 -1.787364168984832974e-11 7.393873516574899589e-11 -5.454745805568813937e-11 -1.001286214681855899e-11 9.421696455137320004e-12 1.084539241081638311e-10 -1.109619427052640199e-10
3.861208426317512684e-12 -8.996223619999168013e-12 3.708253379927671304e-11 -5.455780672581733833e-12 -1.985952875323574071e-11 1.609955432521291345e-11 -6.899405958211576377e-11 2.931662003316656512e-11
1.743671466242271333e-12 -4.113580872847821477e-12 1.065645179692827502e-11 -2.190240812228963680e-12 1.382594434166971855e-12 -5.038747866283810171e-12 -6.707294533338933746e-11 2.823950679314776876e-11
1.147873222217256658e-12 -2.289741146957939650e-12 5.700768516524492277e-12 5.547311105613389755e-12 -1.032115021776739327e-11 -1.108895765096129847e-11 -8.356329643354766352e-11 5.592364948097106142e-11
0.000000000000000000e+00 0.000000000000000000e+00 0.000000000000000000e+00 0.000000000000000000e+00 0.000000000000000000e+00 0.000000000000000000e+00 0.000000000000000000e+00 0.000000000000000000e+00
-1.161171355870270985e-07 3.973840787648677984e-08 1.041730946168429685e-07 1.386743020241219616e-07 1.654357098735109091e-07 1.663148180199408155e-07 -1.820139219232758742e-07 -6.063061764874214628e-08
-8.142830754161191965e-08 6.756319542415786304e-08 8.837981570258544608e-08 8.308443321349413862e-08 1.383454206847663961e-07 1.462025330290082338e-07 -5.974355952673171034e-08 1.250544648023093347e-07
-5.466721367338918880e-08 7.212882920628681290e-08 6.396816132906492404e-08 1.162161133570933240e-08 9.862691610151765313e-08 1.393799674039233648e-07 -1.817859371163365149e-08 1.140114522351515393e-07
-3.501270784669701249e-08 6.350103923029096351e-08 3.636536472851501064e-08 -4.265291686933268228e-08 6.974062322638514374e-08 1.104030074839831894e-07 2.454075197615474690e-08 3.121691548542383890e-08
-2.124788177533628468e-08 4.994548087933500104e-08 1.220712736272478054e-08 -5.990908807650150008e-08 4.641974104145069043e-08 6.720482636753757762e-08 2.541361037595197032e-08 3.032128729068293992e-08
-1.204948221146825113e-08 3.574749965683230047e-08 -4.068175375224493180e-09 -4.759589237336331879e-08 2.384276142109635531e-08 3.122371403647458572e-08 8.786292961434584109e-09 -2.113882650836828187e-09
-6.299902245164887394e-09 2.355620844555164807e-08 -1.130707205787005169e-08 -2.538827525487015952e-08 1.243925622121290985e-08 1.303241476906535128e-08 -1.651858950350921157e-08 -3.829196677082846228e-08
-2.973514117782317355e-09 1.434822353591813826e-08 -1.506373998650186321e-08 -8.627226702137419378e-09 6.289769361617974716e-09 1.587435344316084066e-09 -2.493022172199895286e-08 -3.113003490812311978e-08
-1.223495198269223710e-09 7.852488966770915815e-09 -1.481394128327758504e-08 4.088032503844335614e-10 3.193809941752093750e-09 -2.543793055547946382e-09 -8.542863104987778493e-09 -8.267299163827373545e-09
-4.028126905331150790e-10 4.092963246838490574e-09 -1.284532905666260735e-08 2.973912182882467505e-09 5.786521021198448207e-09 -3.041424817984956589e-09 5.673085644710803428e-09 -1.671614456121140537e-08
-7.477449901623372642e-11 2.003169111583623413e-09 -1.008757080801498763e-08 3.860941585169023228e-09 7.265937206061676487e-09 -5.150801611586628341e-10 1.183857103616013751e-08 -1.768007072704171663e-08
3.022427707783383804e-11 8.014785529785631937e-10 -7.487369148396699500e-09 3.004896606396463585e-09 6.472542059914891118e-09 1.716663038432663595e-09 1.684537404284114942e-08 -7.415630590876261275e-09
5.435458292600632346e-11 3.051885239190844260e-10 -5.087201848976881125e-09 2.310217988500972800e-09 5.416868111792159369e-09 1.770331264482717617e-09 1.446506872322276273e-08 -1.723286265696073106e-08
6.403348412792636938e-11 3.005642866027038659e-11 -3.055264166169070384e-09 8.425167323464221059e-10 4.223694258451479299e-09 1.873768850226538588e-09 1.177421409450758906e-08 -1.213511277491578633e-08
7.146054904488618521e-11 -1.050373386547705122e-10 -1.449165793398468996e-09 1.446305183091404502e-10 2.546508281200542146e-09 1.379409196025859809e-09 9.812119307885447029e-09 -7.971827752981895812e-09
7.806432302202318705e-11 -1.509450689335961600e-10 -3.245453350118208585e-10 -3.414370853756261314e-10 1.272146024954240132e-09 9.134248613071722983e-10 7.464502119689354755e-09 -7.828038403580341778e-09
7.704359796195593027e-11 -1.761826829502942618e-10 3.782445639578356075e-10 -5.335263902223566582e-10 4.543877242261702809e-10 7.433430897754405766e-10 4.170352246681971014e-09 -4.916853674477637477e-09
6.680562812929984203e-11 -1.490258865542686204e-10 6.287660994845574856e-10 -5.532210719486054869e-10 -5.928159108417919363e-11 3.412116766458861082e-10 3.134818660874085851e-09 -3.858947008023060996e-09
4.858281906671913513e-11 -1.104056725274702960e-10 5.590816057807759990e-10 -3.940610480801661233e-10 -1.447490302001067129e-10 2.927388793287576040e-10 1.683578053361005528e-09 -2.206677552496977564e-09
3.018344707830087688e-11 -6.839846949825799921e-11 3.534908629441618702e-10 -2.417608779199881669e-10 -1.142427689111589541e-10 1.406977483392244767e-10 8.469628504537918196e-10 -1.001349542765578578e-09
1.576281367610889262e-11 -3.310097918206241123e-11 1.723547949659818485e-10 -1.111199136858823778e-10 -5.564637446258773310e-11 8.406186475616211160e-11 3.905517854342943278e-10 -3.174758181052207616e-10
7.272362408807004599e-12 -1.773073185530609926e-11 7.480356248911882781e-11 -3.919858584694515143e-11 -1.532252666389682960e-11 3.348844938684384301e-11 1.593996197378266822e-11 -6.624007692535587553e-11
3.660238063785220421e-12 -9.774905872160668256e-12 3.206041436846272175e-11 -1.530008159611058392e-11 -9.294932273419567192e-12 -1.053281069084348567e-11 -3.823401467734828664e-11 1.154184159792610284e-11
1.966085888312029036e-12 -3.667118923752717068e-12 1.471590094926030270e-11 5.880680650399909829e-12 -6.616518604461963849e-12 1.323096367764403002e-11 -1.019951708058044176e-10 4.951883421522035566e-11
1.078626543472341806e-12 -2.442275027331266310e-12 3.488038969874801408e-12 4.895641941240658391e-12 -8.979203268170349972e-12 -1.901977654532084081e-11 -8.307774634084738729e-11 5.668446232084107311e-11
0.000000000000000000e+00 0.000000000000000000e+00 0.000000000000000000e+00 0.000000000000000000e+00 0.000000000000000000e+00 0.000000000000000000e+00 0.000000000000000000e+00 0.000000000000000000e+00
-1.221308269260417199e-07 4.473478426069503647e-08 1.124337243866820457e-07 1.486351845782247249e-07 1.816580406805892367e-07 1.750303277464209391e-07 -1.852496951726348172e-07 -7.269477099466188578e-08
-8.538553954091631515e-08 7.316987262121036194e-08 9.491901694259987258e-08 8.768147478555053304e-08 1.490075572334472973e-07 1.518496694511259528e-07 -5.232270336750775608e-08 1.133004057920120979e-07
-5.710120117344727820e-08 7.733588770708804190e-08 6.824783366596531455e-08 1.124729763103149238e-08 1.037744150009590365e-07 1.468729643201719916e-07 -9.786265804858055997e-09 1.013265804460650100e-07
-3.641988157884391602e-08 6.771570768551159091e-08 3.813235372647939691e-08 -4.685586086087078674e-08 7.141932413977106047e-08 1.157112602285824285e-07 2.969005098681734455e-08 2.822676076126148591e-08
-2.196544721403286309e-08 5.271953286818504207e-08 1.222844917195031334e-08 -6.518201446304528322e-08 4.471403624496940354e-08 7.023510865807346375e-08 3.394119042245099254e-08 3.149229320109288676e-08
-1.236339745928483245e-08 3.769286944573046856e-08 -4.875341024830327633e-09 -4.992915149894488507e-08 2.273299373116716173e-08 3.021232970587715170e-08 1.107142571507283256e-08 2.490484819274703464e-09
-6.383826964255575802e-09 2.470693030454982434e-08 -1.239050622126178727e-08 -2.558881448818631284e-08 1.149786344429211473e-08 1.275113257129644769e-08 -1.506589412283144060e-08 -4.283302362482275518e-08
-2.963093980293221360e-09 1.493272540811117155e-08 -1.638519363018131219e-08 -8.203460504325372375e-09 4.691990597361557956e-09 1.463142366725712651e-09 -2.611650299876087543e-08 -4.071767158903612689e-08
-1.186758557065158162e-09 8.122401031456434927e-09 -1.592294628056261628e-08 1.128207110433635502e-09 3.053010842040471356e-09 -3.470399137371428695e-09 -8.437626787586868811e-09 -1.679716372305223893e-08
-3.775859475938187491e-10 4.145470691534361026e-09 -1.367409624784546645e-08 3.177672246058750880e-09 6.545934422139909420e-09 -3.081257805994248980e-09 5.862194755437005912e-09 -1.239662322937137278e-08
-6.268891961793190767e-11 1.936189456190323099e-09 -1.065917100918202866e-08 4.298752974455579898e-09 8.140082354086976366e-09 -5.757594632800004218e-10 1.058127253031212265e-08 -1.155873430808150576e-08
3.526958252494147242e-11 7.556967651283650398e-10 -7.959637573675652077e-09 2.974501021228225495e-09 7.384920886031313366e-09 1.630771145921018026e-09 1.672461939172264546e-08 -1.119736839763257360e-08
5.627957831334534812e-11 2.766773962316763749e-10 -5.354641452151804149e-09 2.210459129520880743e-09 6.140082107489548456e-09 1.914705996706119926e-09 1.598845406874457503e-08 -1.562096614502436271e-08
7.015033042066765838e-11 4.429262547683413152e-11 -3.242283639797201967e-09 1.054372953210424917e-09 3.982468514931171855e-09 1.752283649360776533e-09 1.333905390862427954e-08 -1.452460354635353264e-08
7.611846217229009776e-11 -1.169902636904400621e-10 -1.484201234798985313e-09 1.671106138976048476e-10 2.642719538379299823e-09 1.561968409174198798e-09 1.076332738380362524e-08 -8.245410934663598149e-09
8.085643363398939611e-11 -1.847380057395026005e-10 -2.740589296126581744e-10 -4.564131968494214706e-10 1.529613455384659085e-09 1.008854269910246439e-09 6.955214146973267240e-09 -7.316815528150899481e-09
8.512990612538196124e-11 -1.755468163916644118e-10 4.532422268074599635e-10 -5.589749498830671743e-10 2.303550492563735655e-10 6.927089230139330917e-10 4.988985750265120945e-09 -6.116230914861736476e-09
6.972222992901301487e-11 -1.644296839880122591e-10 6.976859204983643446e-10 -6.013246719128651625e-10 4.240018576378362323e-11 4.931255019332545207e-10 2.861994579780046151e-09 -3.826070839897638283e-09
5.153852948512525516e-11 -1.144916655738057770e-10 6.055070351301895809e-10 -4.176331069150488614e-10 -1.880426752136870707e-10 3.030399042839418080e-10 1.772813830651747705e-09 -2.227756302213188965e-09
3.151706266347094699e-11 -6.997244417488293280e-11 3.710514437134585426e-10 -2.447617506893159502e-10 -1.373189445396436441e-10 1.489565103298980946e-10 8.911612635846231464e-10 -1.047758083485115652e-09
1.594502052696506544e-11 -3.708722154536776116e-11 1.769219793071737596e-10 -1.251939766300837165e-10 -4.484145435050207745e-11 5.318623615118248656e-11 3.379104864755909139e-10 -2.325219396706685831e-10
7.422529614901104639e-12 -1.594639481084640277e-11 7.303207865732783954e-11 -3.281582160428848025e-11 -3.104313227034518623e-11 3.339370460998088406e-11 6.124743538066358806e-11 -1.172785825703043812e-10
3.634997514950756359e-12 -9.525114838775245486e-12 3.285304351147436262e-11 -1.186067055003401387e-11 -3.875174839851338340e-12 5.906960887601185245e-12 -7.267503950918641969e-11 3.829968630762412637e-11
1.967599732967944538e-12 -4.385680563445129248e-12 1.368493319923145971e-11 3.251912483090488619e-12 -7.696746444080820609e-12 -3.332638955249614540e-12 -1.024005229891239721e-10 5.149737387830528461e-11
1.096817541151128127e-12 -2.153865604296699900e-12 3.405230087393367282e-12 7.335460326862753904e-12 -8.897362797623085975e-12 -1.312672413899459298e-11 -9.358083403191963796e-11 6.281299307843989911e-11
0.000000000000000000e+00 0.000000000000000000e+00 0.000000000000000000e+00 0.000000000000000000e+00 0.000000000000000000e+00 0.000000000000000000e+00 0.000000000000000000e+00 0.000000000000000000e+00
-1.619942752090092505e-07 1.369996206362016496e-07 1.487738557372227053e-07 1.925156269923585701e-07 2.151895193222923956e-07 2.018612489897810902e-07 -1.670230728818683114e-07 -1.275939573634476503e-07
-1.066852089554909291e-07 1.471181066084867061e-07 1.014259958406012072e-07 6.987696986233904868e-08 1.351562628551666276e-07 1.953658346325306254e-07 -3.942443024408828097e-08 8.284950096304474046e-08
-6.707170076260396248e-08 1.291552054753669039e-07 5.532320108734920697e-08 -3.978365865458625854e-08 8.877205432193506119e-08 1.813969412605153499e-07 7.803877532606859803e-09 3.716445613100222240e-08
-4.013326031120307750e-08 1.002243999638662691e-07 1.291751865706640034e-08 -8.641866917754497944e-08 6.130514952357573773e-08 1.296412898384624615e-07 3.095256755351434921e-08 -4.770697890180063309e-08
-2.261172149318054748e-08 7.131034149905278155e-08 -1.714522356340604005e-08 -7.383679880132488864e-08 3.296503273605982696e-08 7.364597489528441218e-08 -1.455319572077572555e-08 7.244309696188728607e-09
-1.172298416012450630e-08 4.702322905965537951e-08 -3.259315528922186074e-08 -3.884410182131951121e-08 1.697891241707751555e-08 3.475325867556922225e-08 -1.578973313614057022e-08 -3.875534871819243030e-08
-5.561605088826201382e-09 2.810656795968664421e-08 -3.544298047698870609e-08 -9.079291291585262012e-09 1.300429288782788929e-08 1.593277552021140789e-08 -1.044731026915292998e-08 -5.593669183005872858e-08
-2.334036527898056295e-09 1.550779072380674780e-08 -3.262937015190473747e-08 4.270104501077646514e-09 1.328643707199881728e-08 2.353834133683539824e-09 -1.118620353244552299e-08 -3.399677146678985802e-08
-8.346605190180211496e-10 7.756785833701160389e-09 -2.683172451495773316e-08 7.579582857673550310e-09 1.559166565259674995e-08 -2.717503057137255345e-10 8.319188229662460542e-09 -1.956640387437830818e-08
-1.915306451727659903e-10 3.572505650241462665e-09 -2.051171820259678611e-08 6.929927378888625965e-09 1.575322304934066225e-08 2.924902294855688611e-10 2.652334762915854371e-08 -2.584616077169692373e-08
2.714481379501549960e-11 1.511949667520699939e-09 -1.450797995385855040e-08 5.699645486514151121e-09 1.374133408070811430e-08 2.762805877197385677e-09 2.987081332937762218e-08 -2.552955774079599254e-08
1.108878637266827743e-10 4.309280920622908252e-10 -9.518092267662079608e-09 3.864993885620416217e-09 1.041924534074746387e-08 3.327678484420856115e-09 2.872678567333785054e-08 -2.204489942147533674e-08
1.449988385887514149e-10 -1.407410580068019580e-11 -5.419213834690502274e-09 1.743204151400844654e-09 7.277531979532157321e-09 3.564948309353943298e-09 2.448079851263678488e-08 -2.060499277056684509e-08
1.647811202593772142e-10 -2.745689436784667011e-10 -2.181996376834962251e-09 -1.043354889280775880e-10 4.454855897866795908e-09 2.567298936175880593e-09 1.802631906002069296e-08 -1.733052102501124609e-08
1.697379690034936593e-10 -3.878488497597957510e-10 -4.159829096628351665e-11 -8.901363131574614029e-10 2.208238157404582161e-09 1.845887202989234133e-09 1.266461774163239742e-08 -1.502273970363247068e-08
1.604629916379939460e-10 -3.606046052180923883e-10 1.036498848560844632e-09 -1.155427270200433150e-09 5.677757118326270173e-10 1.333728878565093803e-09 8.740321792056912989e-09 -9.965891598566083956e-09
1.319764835551513451e-10 -2.940665573895371301e-10 1.277893125215998760e-09 -1.018339277486410827e-09 -1.397149445479307829e-10 8.452029313864428640e-10 5.211645368432466830e-09 -5.111794457268663886e-09
9.265564442298521595e-11 -2.092192857353265449e-10 1.073536786305960450e-09 -7.951337723240027730e-10 -2.203183433151027460e-10 5.515233358311489518e-10 2.836475390625002006e-09 -4.478563772031015780e-09
5.571145855913821739e-11 -1.263234339464146597e-10 6.527290041108782340e-10 -4.345673896651495694e-10 -2.149530057106548923e-10 2.567191924601683477e-10 1.611761701978401526e-09 -1.528580309892967217e-09
2.900900731974454662e-11 -6.533533865952370500e-11 3.146158584045610822e-10 -2.076938179615298226e-10 -9.655052292442487938e-11 1.210880320282621185e-10 6.623120115743092918e-10 -6.765019990193921772e-10
1.393680074282131687e-11 -3.146921923852716873e-11 1.375989390205801341e-10 -7.937592273434101387e-11 -2.441151754575378300e-11 5.904388040889150785e-11 1.063184435577974979e-10 -5.496385034924036194e-11
7.071525344980352601e-12 -1.711910099814278182e-11 6.511322220318770928e-11 -2.608377611712424531e-11 -8.543176472488559642e-12 1.700951163850597524e-11 -1.137209103673855655e-10 -5.635616362456236746e-11
4.000773342818135640e-12 -9.018536653733269815e-12 2.702430237546773229e-11 -1.055121348290087845e-12 -8.672085111996018061e-12 -8.254530299094533022e-12 -1.710278677247091094e-10 7.305115612559264592e-11
2.149805691734816617e-12 -3.630723144021644922e-12 7.531060193724051583e-12 1.052704500682504623e-11 -1.274373624221201803e-11 -1.830144719597654113e-11 -1.450755672576717092e-10 6.333076414046687856e-11
1.263025377895090822e-12 -1.507417993615917482e-12 -9.322760799573417756e-13 1.217885428673207105e-11 -1.466568771999651431e-11 -2.333210848121793439e-11 -1.110582765000499661e-10 9.418352845471679486e-11
0.000000000000000000e+00 0.000000000000000000e+00 0.000000000000000000e+00 0.000000000000000000e+00 0.000000000000000000e+00 0.000000000000000000e+00 0.000000000000000000e+00 0.000000000000000000e+00
-1.887102344544667950e-07 1.939830731947728149e-07 1.711853169666355500e-07 2.148462774742984969e-07 2.291713609081951749e-07 2.236079040740381660e-07 -1.736968424489107657e-07 -1.254314637095257695e-07
-1.213602084509825058e-07 1.934411440098244021e-07 1.054448382825772555e-07 5.765555243308373034e-08 1.237056959241800081e-07 2.274352209824159458e-07 -2.121505526827441849e-08 6.284801507451333899e-08
-7.431736468351604250e-08 1.621883222646461531e-07 4.735184486238602426e-08 -6.798999291042126611e-08 7.741146017451755170e-08 2.049610798107063777e-07 2.977287344362167135e-08 2.008448322759430341e-08
-4.318817730310236531e-08 1.215256162604138565e-07 -3.269649332203244664e-09 -1.080208911063260473e-07 5.335542957294208997e-08 1.412437061311525794e-07 2.967243160162971906e-08 -5.420001321555321221e-08
-2.347205544273932157e-08 8.357234348940407194e-08 -3.590040788152537747e-08 -7.974247055317287680e-08 2.304097165309285086e-08 8.091217757283740755e-08 -2.726045346972303350e-08 4.730659250011223236e-10
-1.161955519258128805e-08 5.316087760446411119e-08 -4.992905757202920037e-08 -3.449557758057612931e-08 1.221025094713926656e-08 4.223760124732314448e-08 -2.182429535701921786e-08 -2.267535234123424649e-08
-5.208975518319988562e-09 3.053315277829519952e-08 -4.978431999951631812e-08 -1.564274937156408756e-09 1.373847230096221488e-08 2.219415299366791840e-08 -7.257119586077870488e-09 -5.973167693998409070e-08
-2.040393354564977007e-09 1.610269317785432704e-08 -4.327807064331636973e-08 9.818847236578872360e-09 1.605454685029614966e-08 7.725646523077856652e-09 -6.959201599930528627e-09 -3.305603368990615403e-08
-6.452584018966041795e-10 7.650704221088109608e-09 -3.415912486405769557e-08 1.043085357541849892e-08 1.854679715643075150e-08 4.943660040837436452e-09 2.137898132396461487e-08 -2.196561999212956929e-08
-8.137735353631363762e-11 3.285883811163554895e-09 -2.518668527203267913e-08 7.990900129283927262e-09 1.841659799994876739e-08 5.056944285860607058e-09 4.060975825014268622e-08 -3.139245949588531249e-08
9.258814550873132360e-11 1.192064004437707716e-09 -1.726799290332185036e-08 5.788552418033889972e-09 1.490622592680426049e-08 7.654020714912162501e-09 4.073809855222604366e-08 -3.480089316141489717e-08
1.653753552433011819e-10 1.407901881385814886e-10 -1.072676373367533650e-08 2.961729294017879494e-09 1.078830948874895379e-08 7.406869075737983865e-09 3.598584103981283919e-08 -2.937708958660791715e-08
1.998558985528264578e-10 -3.146615896396513055e-10 -5.486300321719013399e-09 5.847431557204516506e-10 6.831643439896404951e-09 6.161830381914031466e-09 2.965833533530702584e-08 -2.623863406331990499e-08
2.294522744488611850e-10 -5.197179011407922791e-10 -1.591062966911178015e-09 -9.774925813987090811e-10 3.747972838830783171e-09 3.875398437904583339e-09 2.152717353926872422e-08 -2.149553027330061512e-08
2.348373921643067952e-10 -5.386894902952964794e-10 8.146653577054780634e-10 -1.439912791261141135e-09 1.844852669301984050e-09 1.979780269500046791e-09 1.477245815377793022e-08 -1.559683923286264728e-08
2.095653638081245152e-10 -4.382776514059161175e-10 1.873264103600293551e-09 -1.174023089503191144e-09 1.168204502771866253e-09 4.413532584268728494e-10 9.153330357621770767e-09 -1.126796180868133807e-08
1.626059850868052352e-10 -2.994142799268287844e-10 1.864261724247302931e-09 -7.335294379064198661e-10 8.906291551375432965e-10 -4.645153276698558355e-10 5.350918591061074296e-09 -7.369398958742063561e-09
1.062811025017430701e-10 -2.117730154706853347e-10 1.322539405346787408e-09 -5.618236546572659607e-10 2.900769932981145591e-10 -2.337468815713296132e-10 2.925164434709644991e-09 -4.081065421146005922e-09
5.826744167058750208e-11 -1.590339400596737323e-10 6.531105226691857662e-10 -7.194518987947402736e-10 -7.428325844043801679e-10 9.014166468918457314e-10 1.561712710093249573e-09 -1.355485820940398923e-09
2.793127078534883568e-11 -9.649531395759607124e-11 2.452147424563851508e-10 -5.121597677617885665e-10 -7.395754198400061179e-10 9.091112659098466925e-10 5.224834915452128563e-10 -1.258233750102751872e-10
1.402096844734251638e-11 -5.932954340823681735e-12 1.678833994232900042e-10 1.850199834815722947e-10 5.408779296923850540e-10 -5.758971283724680491e-10 -1.231728171871203429e-10 -2.194121104594344505e-10
7.315536223801057833e-12 -2.416206067670242992e-11 5.563384766137919000e-11 -8.111120802306694368e-11 -1.511531523606918993e-10 1.630944694939840584e-10 -1.597943390286904256e-10 6.500509990926851564e-11
4.182070431515481172e-12 -5.166823245268484738e-12 2.713512421746902298e-11 3.982824617795695689e-11 5.378419122607033209e-11 -1.008053431548508913e-10 -2.152591603583088128e-10 5.315213989231636744e-11
2.170512511188078264e-12 -1.098578213849038166e-11 -7.970973831243510896e-12 -6.180930155953241329e-11 -1.814962535585478622e-10 1.638089074898327292e-10 -1.503219204436398143e-10 1.819702014327595958e-10
1.383588496358522446e-12 8.202671554947372202e-13 -5.027057724025714613e-13 3.413402128954775298e-11 2.530945154385887486e-11 -7.736870136086678972e-11 -1.336240731084597848e-10 7.729664557257848095e-11
0.000000000000000000e+00 0.000000000000000000e+00 0.000000000000000000e+00 0.000000000000000000e+00 0.000000000000000000e+00 0.000000000000000000e+00 0.000000000000000000e+00 0.000000000000000000e+00
-2.060558225787515585e-07 2.295206607425151085e-07 1.882975644212651822e-07 2.296261367656962226e-07 2.503618773632032338e-07 2.312676621052133454e-07 -1.908661062777378921e-07 -1.414112691194996112e-07
-1.309839640910731201e-07 2.229210756946260929e-07 1.102469885470991404e-07 4.948099757620686178e-08 1.250252823281170190e-07 2.402521512977046233e-07 -1.403222327228522546e-08 5.851208092997288528e-08
-7.911393606678994650e-08 1.835626460656253602e-07 4.405278755076163324e-08 -8.575753432852116913e-08 7.816469753778788677e-08 2.121955821424651139e-07 4.339177148961615096e-08 9.611787048983966864e-09
-4.521915536732270903e-08 1.353787434394840025e-07 -1.194058433205992311e-08 -1.210911755522830659e-07 5.389981783089252017e-08 1.417154652431701242e-07 2.486406585306261519e-08 -6.509063611824778476e-08
-2.407159743765116653e-08 9.170872573337695387e-08 -4.623840062060676197e-08 -8.209929729579117597e-08 2.138438332764685384e-08 7.908258644311603635e-08 -4.776188468328806884e-08 3.623273811278432302e-09
-1.158003213009623580e-08 5.744219651735531191e-08 -6.047995741348543214e-08 -2.968135650659777029e-08 1.522861860251768741e-08 4.039425346959608059e-08 -3.163715140761094105e-08 -2.224281488888539409e-08
-4.997959326078368241e-09 3.247003367936192783e-08 -5.895945664573363357e-08 5.214906083796186652e-09 2.011531341945089975e-08 1.991183485268555537e-08 -5.535924861436940715e-09 -6.241008200324823305e-08
-1.853179492365799632e-09 1.663501222280391396e-08 -4.955900585725194867e-08 1.502526031767974396e-08 2.457164309089054147e-08 5.209996809079821597e-09 -5.279763327351475338e-09 -3.422918643596775344e-08
-5.349649496184703948e-10 7.754951182253142660e-09 -3.856667895296149180e-08 1.417954105917927821e-08 2.670538277901421561e-08 2.499109083587805024e-09 2.726830802862148678e-08 -2.283812451166891852e-08
-3.184858044878333187e-11 3.222940111631730300e-09 -2.797635208058407578e-08 1.000299273384403318e-08 2.628790880527303909e-08 2.884123988956260560e-09 4.427407001651808123e-08 -2.956206373549810434e-08
1.130219967635807274e-10 1.107546699745725661e-09 -1.894150030701421002e-08 6.778396349201270426e-09 2.108938971487164987e-08 5.426747887520361102e-09 4.401434694677922026e-08 -3.934773425630066601e-08
1.863993341868760113e-10 1.768591953533017880e-11 -1.148978265445726275e-08 3.632358485716598796e-09 1.564654009479507028e-08 5.929489631401289215e-09 3.944060385493700024e-08 -2.943513324966417674e-08
2.218836281628712562e-10 -4.299693318420748502e-10 -5.539709698459238383e-09 7.817196558777547236e-10 1.009447672447827182e-08 4.676947635205106439e-09 3.081015085018115442e-08 -2.724932577887801517e-08
2.595586929937524808e-10 -6.526222765573798484e-10 -1.281657792123991132e-09 -1.378674905054828415e-09 5.889312271835588002e-09 3.187306736816568719e-09 2.182759449603418190e-08 -2.084769284382017467e-08
2.620780411364999889e-10 -6.981372769003813762e-10 1.269272865642962057e-09 -2.407399480722411094e-09 2.397316043465549989e-09 2.113591720464858287e-09 1.441577769502079635e-08 -1.376287152390327734e-08
2.338901266389525506e-10 -6.035551133133712721e-10 2.267813590097641967e-09 -2.107005879568776680e-09 6.219167974280185483e-10 1.530653841512783294e-09 8.819898751564534920e-09 -9.570096572351466539e-09
1.769446719183950337e-10 -4.205278473439538466e-10 2.069716508644672143e-09 -1.682770242738949489e-09 -2.236707442619889650e-10 1.014003127450863960e-09 5.335599166365010100e-09 -6.024735162838116206e-09
1.157551270577623784e-10 -2.660334149038624050e-10 1.432000929690857401e-09 -8.934852527544838518e-10 -5.238427468279896914e-10 5.705276081974278581e-10 3.225930407398682628e-09 -4.220523544284266045e-09
6.533164386247147913e-11 -1.123219824299477382e-10 7.418002071288685711e-10 -3.166160019933750009e-10 -6.046299271657980918e-10 3.543199025065997149e-10 2.088831491365971252e-09 -2.730944669302029550e-09
3.429401573503421385e-11 -3.184263776938177478e-11 3.189557513822076289e-10 5.459892218318168202e-11 -5.952588006119736530e-10 2.066614112538973575e-10 1.160493655881275369e-09 -2.023210352893463094e-09
1.652234273323668893e-11 -1.593670795225357591e-11 1.479972108648750630e-10 5.568519745204209769e-11 -2.840436548803775654e-10 9.940937688909638433e-11 3.138589686905652344e-10 -7.876066078036032711e-10
4.891498707591481136e-12 -3.285558369760089527e-11 4.731906140486387261e-11 -1.162520307253211086e-10 2.292705404271089467e-10 -3.908476375344864613e-11 -6.190034730888627884e-10 7.791160852543671652e-10
9.457320573094968176e-13 -2.432689312436718153e-11 -2.696496115017206175e-12 -1.130035774073663805e-10 2.725068783458593540e-10 -7.183800408243548107e-11 -6.908905035592176934e-10 1.027070619199094285e-09
5.186076374877926619e-12 1.119821853880707813e-11 1.945731649505402714e-11 1.246090932877674334e-10 -2.666891914404316357e-10 4.666444635256385586e-12 1.900268248452911801e-10 -6.679030682763210042e-10
5.648687173914330516e-13 -5.168173171768236442e-12 -1.065208341962871233e-11 -1.581592607813727452e-11 5.638807729712180268e-11 -4.412880532414467726e-11 -2.527726754903260128e-10 3.433735682624475196e-10
0.000000000000000000e+00 0.000000000000000000e+00 0.000000000000000000e+00 0.000000000000000000e+00 0.000000000000000000e+00 0.000000000000000000e+00 0.000000000000000000e+00 0.000000000000000000e+00
-2.224704870585445873e-07 2.632368175472254912e-07 2.043639438478465963e-07 2.460778234342663621e-07 2.598439969310838870e-07 2.470607250423133452e-07 -1.811845963657963476e-07 -1.953401116844233007e-07
-1.400799187473495718e-07 2.509256153296231488e-07 1.148423543155684150e-07 4.425001262094840516e-08 1.202197001985866338e-07 2.590090855047990298e-07 -1.045699667637346553e-09 3.542197671690853323e-08
-8.363608363160665273e-08 2.039367609626357239e-07 4.100261854574791772e-08 -1.025037800853869415e-07 7.111831555254436038e-08 2.258114520558915035e-07 5.607905596793380100e-08 -6.470486903764474050e-09
-4.712895360327148918e-08 1.486510270898773599e-07 -2.022866187199434960e-08 -1.342562850474119375e-07 4.798420369669267563e-08 1.454516034934493007e-07 2.810931653758585991e-08 -7.574220707124780646e-08
-2.461759833903866177e-08 9.940094289918367316e-08 -5.656359139716085301e-08 -8.580033512411293024e-08 1.455551134397268926e-08 7.984179319190481492e-08 -5.469066341381706455e-08 -5.162764927021140123e-09
-1.149727848234794067e-08 6.143310571626416470e-08 -7.031107546453475299e-08 -2.657050494679968488e-08 1.234305826065733839e-08 4.207944277795253773e-08 -3.253602060860850595e-08 -3.592591443554958177e-08
-4.762637446888643278e-09 3.415837758088612762e-08 -6.727225159157999216e-08 1.123573076304118878e-08 2.037492880300469315e-08 2.204230459065116924e-08 -2.019879330391661719e-09 -7.742298954420538506e-08
-1.658366013086833259e-09 1.722906868713273774e-08 -5.563646212120929415e-08 1.981892997417820177e-08 2.585071874553610313e-08 6.457614993480235553e-09 -4.552603655604925890e-09 -3.786438078607722323e-08
-4.018698897486017224e-10 7.841317602445977236e-09 -4.269258472187768527e-08 1.698821071148661610e-08 2.937970901617014575e-08 3.823613596024164764e-09 3.647186555368847439e-08 -3.039645676274548891e-08
4.847563403501989666e-11 3.193417375392187330e-09 -3.064448233640016180e-08 1.203399450218365788e-08 2.835760121088709660e-08 3.892150576434641192e-09 5.472188492721370940e-08 -4.236559076068859103e-08
1.624066019010373275e-10 1.066037824580509933e-09 -2.046736579336402100e-08 8.447737800238045778e-09 2.221451595179161145e-08 6.888210901526750020e-09 5.313776391978349171e-08 -4.629801959587225792e-08
2.249576353151161114e-10 -5.457748171270018456e-12 -1.220102447998369732e-08 4.506589707854846871e-09 1.581811783441307683e-08 6.745778940006009961e-09 4.488139448886198496e-08 -3.268145092734146890e-08
2.686029269987562547e-10 -4.816661225911921099e-10 -5.557318210067450048e-09 9.943866574619955647e-10 9.686594396177840653e-09 5.495972508836143860e-09 3.672569118858345992e-08 -3.639522615678055941e-08
3.107211415728223095e-10 -7.056420406764096209e-10 -8.665175957187946825e-10 -1.346974069894076097e-09 4.753549277928762584e-09 3.637700564997391791e-09 2.529179499136495563e-08 -2.698095038419410309e-08
3.118350532060255002e-10 -7.597174589264734160e-10 1.881790542403979488e-09 -2.210818848645067060e-09 1.219740764847981124e-09 2.375453312553057146e-09 1.693768924826305661e-08 -1.761490674106203071e-08
2.695601290179020636e-10 -6.303412509495712922e-10 2.779798314707697839e-09 -2.203316695748234555e-09 -1.576186090118595849e-10 1.814806912679214791e-09 1.049257568221303980e-08 -1.281472149904348292e-08
2.001997682612421062e-10 -4.487125912421524685e-10 2.409905309055942901e-09 -1.666292380503802516e-09 -7.874822235678136351e-10 1.121806157162628568e-09 5.983718975759337922e-09 -7.372228390131605212e-09
1.228827283857708436e-10 -2.844246694171768699e-10 1.550900696773785410e-09 -1.043306457355259498e-09 -5.019362491404814537e-10 5.958293455386559587e-10 3.280561473141179318e-09 -4.126804563261433262e-09
6.314514298288425401e-11 -1.433577051106627263e-10 7.389661638159338225e-10 -4.867001048831373054e-10 -2.241487162500106919e-10 2.787191653875224824e-10 1.343792139342211696e-09 -1.331228094977397761e-09
2.766485099061202044e-11 -6.271194279587175427e-11 2.646119173140132891e-10 -1.754901730076041899e-10 -2.831363217794191070e-11 1.249138599212574627e-10 1.886710604708980747e-10 -1.207662818992937066e-10
1.317246814546416284e-11 -3.239839214086611989e-11 1.242083780375949816e-10 -5.798538528935207887e-11 6.786781488685882494e-12 5.504614837079143786e-11 -2.006416591805314701e-10 1.540545281696607184e-10
7.716808816767055855e-12 -1.843314785640580383e-11 6.431403049939790848e-11 -9.596726587426801476e-12 -1.082449730558189013e-11 -4.544233655347410045e-12 -2.758052713904998365e-10 3.889672349709547956e-11
4.330114084293611617e-12 -7.927848918715783048e-12 1.629245152606199185e-11 1.706710482539232979e-11 -2.021181816977503365e-11 -3.579751748160287642e-11 -2.750118602933077276e-10 1.231388585142672865e-10
2.454694798226966891e-12 -2.653365768635293529e-12 -1.447789925422596185e-12 2.102717844480562118e-11 -1.945008825175960923e-11 -3.883374325086763889e-11 -2.187133646445983705e-10 1.423620156377006179e-10
1.470962699296580802e-12 -7.263019879427083172e-13 -6.614778788939754626e-12 1.820567759185326320e-11 -2.050151849446137109e-11 -3.654118247262781627e-11 -1.447275916146784425e-10 1.128405197105468963e-10
0.000000000000000000e+00 0.000000000000000000e+00 0.000000000000000000e+00 0.000000000000000000e+00 0.000000000000000000e+00 0.000000000000000000e+00 0.000000000000000000e+00 0.000000000000000000e+00
-2.278996326318836515e-07 3.166706137967705841e-07 1.618632024259947760e-07 2.390496352971043891e-07 1.702198795543726971e-07 2.231797502694615725e-07 -1.234210265409643338e-07 -1.892275867599989214e-07
-1.404038059426135729e-07 2.846501685903846891e-07 6.499849655658686838e-08 4.488184539640327130e-08 6.195373552172106820e-08 2.365168293437313579e-07 2.636134510954485968e-08 4.843923577404131237e-08
-8.194344547820667211e-08 2.216628688429399934e-07 -1.830555825060572210e-09 -9.154482484162744799e-08 4.702969859742843259e-08 2.141247192434799182e-07 5.884951048799680068e-08 -2.630103999432977740e-08
-4.517247942658795366e-08 1.560689488611316149e-07 -5.441409585550393243e-08 -1.146566208673794498e-07 4.253146098160055529e-08 1.543849865670525241e-07 6.249413045790957185e-09 -7.997810918105886591e-08
-2.311429503531707095e-08 1.011776642653356183e-07 -8.311423089390051058e-08 -6.249559686346951192e-08 2.479268231672034306e-08 9.933606759516091264e-08 -4.483710884956606654e-08 -3.149888752229125876e-08
