#Data file /DATA/hector/BOSS_dr12v5_data/cmass/galaxy_DR12v5_CMASS_North_t1.txt
#Random file /DATA/hector/BOSS_dr12v5_data/cmass/random0_DR12v5_CMASS_North_t1.txt
#Number of data elements used: 568776
#Number of random elements used: 29588847
#Effective number of data elements weighted by wcol: 604988.000000
#Effective number of data elements weighted by wcol*wsys: 606227.056681
#Effective redshift value from data 0.589341
#Effective redshift value from randoms 0.547267
#Size of the Box 4000.000000 Mpc/h
#Area of the survey used 6851.413821 deg^2
#Value of alpha: 0.020490
#Normalization using data file
#Normalization using area
#Normalization 11.423338
#Shot noise factor 1.000000
#Shot noise value 5605.231252
#Type of Computation: FFT
#Number of grid cells: 512
#Type of Mass Assigment: P5S
#Type of Yamamoto: GridCenter
#Number of Interlacing steps: 2
#Grid Correction: yes
#Value of Om=0.310000
#Hexadecapole as L2L2
#k-centerbin	 k-eff	 Monopole-Pshotnoise	 Quadrupole	 Hexadecapole	 number of modes	 Pshotnoise
0.005005 0.007424 108321.080582 21103.754770 672.696006 1044 5605.231252
0.015000 0.016075 65426.083768 14112.557593 -7495.639604 7664 5605.231252
0.025000 0.025646 53722.182458 27732.213428 8955.442956 20330 5605.231252
0.035000 0.035434 43944.959287 13753.259799 -3348.695521 39960 5605.231252
0.045000 0.045351 35407.684330 13749.365896 1732.083597 66044 5605.231252
0.055000 0.055306 30736.925519 10368.111026 2497.214762 98534 5605.231252
0.065000 0.065247 27417.289181 9416.807238 764.260916 136716 5605.231252
0.075000 0.075191 23431.686476 8726.479723 -715.013988 182336 5605.231252
0.085000 0.085176 19924.938345 6164.326657 1566.290818 235058 5605.231252
0.095000 0.095172 16779.989429 6409.249694 1972.576775 293064 5605.231252
0.105000 0.105148 14330.663818 4884.527971 1509.276823 356954 5605.231252
0.115000 0.115135 12679.906080 4190.704601 -720.804926 429776 5605.231252
0.125000 0.125132 11984.773545 4043.589706 199.394616 506916 5605.231252
0.135000 0.135122 10496.594069 3088.709811 -373.346071 591062 5605.231252
0.145000 0.145114 9483.797047 2797.595607 351.017076 682196 5605.231252
0.155000 0.155107 8451.009916 2397.788207 384.560351 778920 5605.231252
0.165000 0.165088 7551.990276 2112.213049 353.511081 881138 5605.231252
0.175000 0.175090 6980.823627 2038.773576 195.345159 996296 5605.231252
0.185000 0.185099 6595.455755 1714.607017 200.664180 1109844 5605.231252
0.195000 0.195093 6097.028032 1556.706520 685.516006 1233230 5605.231252
0.205000 0.205083 5566.191277 1353.802365 698.008282 1361204 5605.231252
0.215000 0.215071 5093.275741 1161.079977 393.266863 1498326 5605.231252
0.225000 0.225070 4754.836239 991.100702 281.255076 1643012 5605.231252
0.235000 0.235068 4432.594220 932.903976 299.021681 1789616 5605.231252
0.245000 0.245066 4175.961839 817.035809 331.631259 1947978 5605.231252
0.255000 0.255068 3908.998704 633.818797 414.080811 2108936 5605.231252
0.265000 0.265062 3541.982683 577.778272 282.009575 2275388 5605.231252
0.275000 0.275059 3319.082313 415.375409 371.662741 2453334 5605.231252
0.285000 0.285056 3169.429368 241.694180 420.279585 2632292 5605.231252
0.295000 0.295054 2961.773180 248.003455 381.653494 2823224 5605.231252
0.305000 0.305055 2807.831684 331.001886 349.407734 3017082 5605.231252
0.315000 0.315055 2694.061956 142.629376 334.381985 3217640 5605.231252
0.325000 0.325051 2526.757946 183.459706 370.606867 3423146 5605.231252
0.335000 0.335047 2402.808847 74.804471 319.304209 3638616 5605.231252
0.345000 0.345044 2225.464428 -71.011488 370.682895 3858836 5605.231252
0.355000 0.355043 2132.705713 -61.057009 394.204016 4086662 5605.231252
0.365000 0.365045 2000.748466 -25.514810 430.127084 4322052 5605.231252
0.375000 0.375045 1903.557633 -100.498411 348.076830 4558712 5605.231252
0.385000 0.385041 1830.523090 -171.578094 416.731431 4804466 5605.231252
0.395000 0.395040 1729.231670 -106.574150 414.647540 5061272 5605.231252
