1.82180604e+07
3.38264700e+06
9.35904581e+03
1.78493779e+07
3.28018650e+06
8.95452415e+03
1.82571665e+07
3.37532100e+06
9.46593972e+03
1.81142084e+07
3.32698001e+06
9.09083216e+03
1.85546586e+07
3.42855978e+06
9.55198050e+03
1.86564018e+07
3.44207939e+06
9.64405311e+03
1.86792929e+07
3.43547606e+06
9.57243773e+03
1.84707965e+07
3.36724911e+06
9.24549979e+03
1.88130514e+07
3.44042707e+06
9.63674889e+03
1.84760417e+07
3.36294156e+06
9.43071860e+03
1.77607153e+07
3.22283208e+06
9.05756083e+03
1.64721629e+07
2.96666279e+06
8.29199444e+03
1.49614221e+07
2.68333456e+06
7.56365845e+03
1.33023514e+07
2.37796254e+06
6.82100428e+03
1.13730390e+07
2.02437522e+06
5.90101242e+03
9.52930423e+06
1.68711743e+06
5.04523519e+03
7.85243158e+06
1.38751660e+06
4.30002869e+03
6.40381995e+06
1.12697821e+06
3.64324292e+03
5.29345252e+06
9.29615121e+05
3.17004335e+03
4.47009406e+06
7.82327779e+05
2.83302730e+03
3.86463316e+06
6.72273824e+05
2.59960819e+03
3.37063061e+06
5.81443415e+05
2.42290963e+03
2.87295879e+06
4.92620198e+05
2.25961175e+03
2.30799058e+06
3.98576559e+05
2.09305155e+03
1.72078061e+06
3.07462160e+05
1.94240528e+03
1.23114507e+06
2.34135034e+05
1.83190855e+03
9.11992225e+05
1.84028216e+05
1.74766458e+03
7.34414129e+05
1.49888253e+05
1.64987257e+03
6.08401412e+05
1.21860975e+05
1.54455815e+03
4.67998666e+05
9.82895211e+04
1.50247303e+03
3.37573492e+05
8.12050715e+04
1.51661851e+03
2.55153266e+05
6.58804324e+04
1.45010919e+03
2.00856780e+05
5.07814620e+04
1.31557594e+03
1.51393351e+05
4.15339109e+04
1.25943975e+03
1.13588431e+05
3.40061338e+04
1.19177449e+03
8.62511844e+04
2.58189474e+04
1.07449880e+03
6.47508848e+04
2.06033257e+04
9.91702517e+02
4.84353748e+04
1.55971272e+04
8.92444518e+02
3.60648160e+04
1.17765966e+04
8.02141626e+02
2.66642546e+04
8.57222563e+03
7.14510408e+02
