1.000000000000000056e-01 1.581859678999207042e-01 1.377798870971304268e+02
1.072267222010323123e-01 1.652114669234850952e-01 1.363379120389346326e+02
1.149756995397735598e-01 1.724973652704018257e-01 1.343624688146064443e+02
1.232846739442066269e-01 1.801352199600920190e-01 1.345737854105090321e+02
1.321941148466029003e-01 1.880288399687263245e-01 1.342797690858771205e+02
1.417474162926805059e-01 1.961959057579887589e-01 1.328001017105813162e+02
1.519911082952933867e-01 2.045889799243278129e-01 1.320394112484691505e+02
1.629750834620644351e-01 2.132171142181100709e-01 1.320851580932982756e+02
1.747528400007683780e-01 2.220968472052218812e-01 1.312013629529250807e+02
1.873817422860384052e-01 2.312646004018452384e-01 1.302803487582308719e+02
2.009233002565046777e-01 2.407159695406086986e-01 1.292409437626576505e+02
2.154434690031883926e-01 2.504637673366729156e-01 1.275519765312131426e+02
2.310129700083159709e-01 2.605081020292180360e-01 1.272375490919672671e+02
2.477076355991710832e-01 2.708083651567104178e-01 1.256044211632870145e+02
2.656087782946686682e-01 2.813826258953047721e-01 1.246197997318963786e+02
2.848035868435802032e-01 2.921961922491226327e-01 1.235158555118900807e+02
3.053855508833415722e-01 3.032649879623198763e-01 1.226186883573223696e+02
3.274549162877728459e-01 3.145912587710529840e-01 1.214761870656845133e+02
3.511191734215131088e-01 3.261679112219038057e-01 1.204511427402735109e+02
3.764935806792468198e-01 3.380080510156492912e-01 1.191765649244925669e+02
4.037017258596554692e-01 3.500770862966559593e-01 1.176069381234283213e+02
4.328761281083058354e-01 3.623844425558887528e-01 1.164805140269379820e+02
4.641588833612779741e-01 3.748919560323663580e-01 1.150511584790060908e+02
4.977023564332111460e-01 3.875958084297442263e-01 1.136338050579184653e+02
5.336699231206309957e-01 4.004755775984979449e-01 1.121416333218468395e+02
5.722367659350217073e-01 4.135260593342165447e-01 1.106224310728721889e+02
6.135907273413172547e-01 4.267274143845839474e-01 1.090768323830507143e+02
6.579332246575680943e-01 4.400685682410337973e-01 1.074965828215464398e+02
7.054802310718644165e-01 4.535263964952912508e-01 1.058717048445207070e+02
7.564633275546288615e-01 4.670745052338576286e-01 1.041986730719078480e+02
8.111308307896872849e-01 4.806878775020914096e-01 1.024796944687004867e+02
8.697490026177834288e-01 4.943387156644812319e-01 1.007197473451234657e+02
9.326033468832198858e-01 5.079982281431126845e-01 9.892159580848652922e+01
1.000000000000000000e+00 5.216408867278453654e-01 9.708478948773394279e+01
1.072267222010323096e+00 5.352364050608102719e-01 9.520756858492309505e+01
1.149756995397735571e+00 5.487541279595640198e-01 9.328946950703443974e+01
1.232846739442065909e+00 5.621601779226386153e-01 9.133225919536904769e+01
1.321941148466029281e+00 5.754168864976153541e-01 8.933867551127003992e+01
1.417474162926805503e+00 5.884859417784910063e-01 8.731084826239224128e+01
1.519911082952933867e+00 6.013269716769157336e-01 8.524967703010982234e+01
1.629750834620644406e+00 6.138995712734327537e-01 8.315575977800578755e+01
1.747528400007683835e+00 6.261621893861232246e-01 8.103035081686256547e+01
1.873817422860383886e+00 6.380732994440132533e-01 7.887580861717013647e+01
2.009233002565046888e+00 6.495886015191886242e-01 7.669488850914588340e+01
2.154434690031884259e+00 6.606632708140675048e-01 7.449014656218169250e+01
2.310129700083160209e+00 6.712508803718801875e-01 7.226360728816392509e+01
2.477076355991711498e+00 6.813035299162694125e-01 7.001736898286914368e+01
2.656087782946686904e+00 6.907731024055363545e-01 6.775393293319565657e+01
2.848035868435801810e+00 6.996116862110244305e-01 6.547642770205345641e+01
3.053855508833415389e+00 7.077712086414718051e-01 6.318816857436654999e+01
3.274549162877728570e+00 7.152036010656153131e-01 6.089242991700727714e+01
3.511191734215131088e+00 7.218616126139674183e-01 5.859226838368078205e+01
3.764935806792467421e+00 7.276979323923553622e-01 5.629088495368358025e+01
4.037017258596556246e+00 7.326652468902021820e-01 5.399176677509824174e+01
4.328761281083059131e+00 7.367179424211572902e-01 5.169873665774383653e+01
4.641588833612779297e+00 7.398116429915199133e-01 4.941570933954906764e+01
4.977023564332111683e+00 7.419030180591169588e-01 4.714659095759526508e+01
5.336699231206309513e+00 7.429518082489935393e-01 4.489518836889746467e+01
5.722367659350217295e+00 7.429205130508081956e-01 4.266539077751969700e+01
6.135907273413172547e+00 7.417732996036344728e-01 4.046125740057111386e+01
6.579332246575682497e+00 7.394785851668393972e-01 3.828696590057214877e+01
7.054802310718645053e+00 7.360086637522453845e-01 3.614667583458795974e+01
7.564633275546290392e+00 7.313388622169255671e-01 3.404448014879267248e+01
8.111308307896871739e+00 7.254502348500020403e-01 3.198434331879854753e+01
8.697490026177835176e+00 7.183296784256186784e-01 2.997017174557404218e+01
9.326033468832198636e+00 7.099686821796951097e-01 2.800586832886126132e+01
1.000000000000000000e+01 7.003657859794329976e-01 2.609524836080546351e+01
1.072267222010323096e+01 6.895279241731442355e-01 2.424192101168040026e+01
1.149756995397735615e+01 6.774678541223406736e-01 2.244929091991233960e+01
1.232846739442065953e+01 6.642061781483730165e-01 2.072051576896514291e+01
1.321941148466028793e+01 6.497740665946779570e-01 1.905846069568022116e+01
1.417474162926804837e+01 6.342094901382268057e-01 1.746577820233883216e+01
1.519911082952933157e+01 6.175583871463766750e-01 1.594484232975314164e+01
1.629750834620645250e+01 5.998784835133387228e-01 1.449760688010871412e+01
1.747528400007684724e+01 5.812350908221451951e-01 1.312564699530489420e+01
1.873817422860384951e+01 5.617007234430212437e-01 1.183016804651938969e+01
2.009233002565047954e+01 5.413591970460682745e-01 1.061190667892734396e+01
2.154434690031884614e+01 5.203023983748749082e-01 9.471183330189107963e+00
2.310129700083160387e+01 4.986264100289362067e-01 8.407951302790319659e+00
2.477076355991711409e+01 4.764368465854390555e-01 7.421648559832271452e+00
2.656087782946686815e+01 4.538433871848399637e-01 6.511283638295564558e+00
2.848035868435801987e+01 4.309547480575002254e-01 5.675556042486283204e+00
3.053855508833415655e+01 4.078843113730300507e-01 4.912739414943939842e+00
3.274549162877728037e+01 3.847462545659111610e-01 4.220759058249193174e+00
3.511191734215130822e+01 3.616509077047329601e-01 3.597286441061474438e+00
3.764935806792467332e+01 3.387116854746493599e-01 3.039587835591995191e+00
4.037017258596554115e+01 3.160418645198406207e-01 2.544580256236592675e+00
4.328761281083057355e+01 2.937517757948447938e-01 2.108910317912214616e+00
4.641588833612782139e+01 2.719499092955375286e-01 1.728938911118967470e+00
4.977023564332113637e+01 2.507308825997247581e-01 1.401022364711635770e+00
5.336699231206312533e+01 2.301755143461351183e-01 1.121554987902961598e+00
5.722367659350220492e+01 2.103623819091221814e-01 8.867340676530083288e-01
6.135907273413175744e+01 1.913476848688895338e-01 6.930280389523327811e-01
6.579332246575683030e+01 1.731540424550000734e-01 5.375049697875002863e-01
7.054802310718645231e+01 1.557625637279301811e-01 4.181290883653819290e-01
7.564633275546290747e+01 1.391158619437985189e-01 3.337947535824249412e-01
8.111308307896872805e+01 1.230780106233850257e-01 2.853959323859943664e-01
8.697490026177834466e+01 1.077337481106578065e-01 2.692744305985763642e-01
9.326033468832198992e+01 9.432648296461995652e-02 2.552595873659968539e-01
1.000000000000000000e+02 8.660027374005353773e-02 1.518192380581698808e-01
