### header ###
Covariance matrix for monopole, quadrupole and hexadecapole calculated from the 2048 QPM mocks
5 columns: {measured power spectrum bin index i} {measured power spectrum bin index j} k_i k_j C_ij
### header ###
1 1 0.0158217 0.0158217 8.77179e+07
1 2 0.0158217 0.0253536 1.19186e+07
1 3 0.0158217 0.0353137 2.06433e+06
1 4 0.0158217 0.0452508 556902
1 5 0.0158217 0.0552138 170591
1 6 0.0158217 0.0651865 188170
1 7 0.0158217 0.0751707 342722
1 8 0.0158217 0.0852239 203843
1 9 0.0158217 0.0951299 225688
1 10 0.0158217 0.105118 224398
1 11 0.0158217 0.11511 105094
1 12 0.0158217 0.125114 18161.1
1 13 0.0158217 0.135074 14000
1 14 0.0158217 0.145079 81032.2
1 61 0.0158217 0.0158217 3.46618e+07
1 62 0.0158217 0.0253536 1.13078e+07
1 63 0.0158217 0.0353137 -937778
1 64 0.0158217 0.0452508 987792
1 65 0.0158217 0.0552138 1.28308e+06
1 66 0.0158217 0.0651865 265233
1 67 0.0158217 0.0751707 -138028
1 68 0.0158217 0.0852239 250124
1 69 0.0158217 0.0951299 265843
1 70 0.0158217 0.105118 190845
1 71 0.0158217 0.11511 174397
1 72 0.0158217 0.125114 -146093
1 73 0.0158217 0.135074 26792.8
1 74 0.0158217 0.145079 143341
1 121 0.0158217 0.0158217 1.0463e+06
1 122 0.0158217 0.0253536 9.13184e+06
1 123 0.0158217 0.0353137 3.76283e+06
1 124 0.0158217 0.0452508 -822910
1 125 0.0158217 0.0552138 26630.3
1 126 0.0158217 0.0651865 71648.9
1 127 0.0158217 0.0751707 -189519
1 128 0.0158217 0.0852239 86471.9
1 129 0.0158217 0.0951299 -74551.2
2 1 0.0253536 0.0158217 1.19186e+07
2 2 0.0253536 0.0253536 2.43842e+07
2 3 0.0253536 0.0353137 3.27446e+06
2 4 0.0253536 0.0452508 687022
2 5 0.0253536 0.0552138 375346
2 6 0.0253536 0.0651865 99236.1
2 7 0.0253536 0.0751707 153632
2 8 0.0253536 0.0852239 267948
2 9 0.0253536 0.0951299 263973
2 10 0.0253536 0.105118 158435
2 11 0.0253536 0.11511 125788
2 12 0.0253536 0.125114 60179.2
2 13 0.0253536 0.135074 47393.2
2 14 0.0253536 0.145079 51501.4
2 61 0.0253536 0.0158217 9.36879e+06
2 62 0.0253536 0.0253536 1.222e+07
2 63 0.0253536 0.0353137 4.98502e+06
2 64 0.0253536 0.0452508 1.62076e+06
2 65 0.0253536 0.0552138 938555
2 66 0.0253536 0.0651865 400993
2 67 0.0253536 0.0751707 40933.2
2 68 0.0253536 0.0852239 416484
2 69 0.0253536 0.0951299 445383
2 70 0.0253536 0.105118 179502
2 71 0.0253536 0.11511 23996.2
2 72 0.0253536 0.125114 -9857.04
2 73 0.0253536 0.135074 97621.2
2 74 0.0253536 0.145079 105410
2 121 0.0253536 0.0158217 1.45569e+06
2 122 0.0253536 0.0253536 -305616
2 123 0.0253536 0.0353137 1.80002e+06
2 124 0.0253536 0.0452508 99136.6
2 125 0.0253536 0.0552138 767694
2 126 0.0253536 0.0651865 -15733.1
2 127 0.0253536 0.0751707 -329466
2 128 0.0253536 0.0852239 -86575.5
2 129 0.0253536 0.0951299 -18492.6
3 1 0.0353137 0.0158217 2.06433e+06
3 2 0.0353137 0.0253536 3.27446e+06
3 3 0.0353137 0.0353137 8.89633e+06
3 4 0.0353137 0.0452508 1.33037e+06
3 5 0.0353137 0.0552138 337031
3 6 0.0353137 0.0651865 213061
3 7 0.0353137 0.0751707 110175
3 8 0.0353137 0.0852239 176503
3 9 0.0353137 0.0951299 172872
3 10 0.0353137 0.105118 117617
3 11 0.0353137 0.11511 95528.1
3 12 0.0353137 0.125114 76612.9
3 13 0.0353137 0.135074 39053.1
3 14 0.0353137 0.145079 55824.3
3 61 0.0353137 0.0158217 1.024e+06
3 62 0.0353137 0.0253536 3.134e+06
3 63 0.0353137 0.0353137 5.862e+06
3 64 0.0353137 0.0452508 1.8605e+06
3 65 0.0353137 0.0552138 255393
3 66 0.0353137 0.0651865 214470
3 67 0.0353137 0.0751707 35101.5
3 68 0.0353137 0.0852239 74950.2
3 69 0.0353137 0.0951299 119289
3 70 0.0353137 0.105118 179489
3 71 0.0353137 0.11511 172752
3 72 0.0353137 0.125114 79952.4
3 73 0.0353137 0.135074 111547
3 74 0.0353137 0.145079 75878.3
3 121 0.0353137 0.0158217 -605578
3 122 0.0353137 0.0253536 975688
3 123 0.0353137 0.0353137 1.91498e+06
3 124 0.0353137 0.0452508 -542107
3 125 0.0353137 0.0552138 369532
3 126 0.0353137 0.0651865 210306
3 127 0.0353137 0.0751707 7946.41
3 128 0.0353137 0.0852239 16032.8
3 129 0.0353137 0.0951299 -35933.8
4 1 0.0452508 0.0158217 556902
4 2 0.0452508 0.0253536 687022
4 3 0.0452508 0.0353137 1.33037e+06
4 4 0.0452508 0.0452508 3.47231e+06
4 5 0.0452508 0.0552138 535317
4 6 0.0452508 0.0651865 111124
4 7 0.0452508 0.0751707 98226.8
4 8 0.0452508 0.0852239 101690
4 9 0.0452508 0.0951299 63361.4
4 10 0.0452508 0.105118 64109.2
4 11 0.0452508 0.11511 57896.1
4 12 0.0452508 0.125114 44968.8
4 13 0.0452508 0.135074 40240.3
4 14 0.0452508 0.145079 43408.9
4 61 0.0452508 0.0158217 -852149
4 62 0.0452508 0.0253536 164689
4 63 0.0452508 0.0353137 1.30172e+06
4 64 0.0452508 0.0452508 1.87313e+06
4 65 0.0452508 0.0552138 761808
4 66 0.0452508 0.0651865 116718
4 67 0.0452508 0.0751707 -34161.6
4 68 0.0452508 0.0852239 139921
4 69 0.0452508 0.0951299 113283
4 70 0.0452508 0.105118 95684.9
4 71 0.0452508 0.11511 74325.1
4 72 0.0452508 0.125114 53288
4 73 0.0452508 0.135074 36655.3
4 74 0.0452508 0.145079 49455.6
4 121 0.0452508 0.0158217 -940992
4 122 0.0452508 0.0253536 -57428.5
4 123 0.0452508 0.0353137 930236
4 124 0.0452508 0.0452508 -139615
4 125 0.0452508 0.0552138 -146625
4 126 0.0452508 0.0651865 48323.1
4 127 0.0452508 0.0751707 121209
4 128 0.0452508 0.0852239 43874.9
4 129 0.0452508 0.0951299 44490.2
5 1 0.0552138 0.0158217 170591
5 2 0.0552138 0.0253536 375346
5 3 0.0552138 0.0353137 337031
5 4 0.0552138 0.0452508 535317
5 5 0.0552138 0.0552138 1.64758e+06
5 6 0.0552138 0.0651865 332138
5 7 0.0552138 0.0751707 113144
5 8 0.0552138 0.0852239 82632.1
5 9 0.0552138 0.0951299 61114.1
5 10 0.0552138 0.105118 54160.5
5 11 0.0552138 0.11511 50907.3
5 12 0.0552138 0.125114 31751.6
5 13 0.0552138 0.135074 22419.7
5 14 0.0552138 0.145079 31511.1
5 61 0.0552138 0.0158217 -457972
5 62 0.0552138 0.0253536 435575
5 63 0.0552138 0.0353137 227424
5 64 0.0552138 0.0452508 602313
5 65 0.0552138 0.0552138 923585
5 66 0.0552138 0.0651865 502916
5 67 0.0552138 0.0751707 91245.4
5 68 0.0552138 0.0852239 82944.1
5 69 0.0552138 0.0951299 103537
5 70 0.0552138 0.105118 85466.5
5 71 0.0552138 0.11511 61628.1
5 72 0.0552138 0.125114 41802.6
5 73 0.0552138 0.135074 43096.9
5 74 0.0552138 0.145079 34473.9
5 121 0.0552138 0.0158217 11024.5
5 122 0.0552138 0.0253536 -162865
5 123 0.0552138 0.0353137 180157
5 124 0.0552138 0.0452508 107638
5 125 0.0552138 0.0552138 197896
5 126 0.0552138 0.0651865 101528
5 127 0.0552138 0.0751707 7118.57
5 128 0.0552138 0.0852239 32249.2
5 129 0.0552138 0.0951299 58808.7
6 1 0.0651865 0.0158217 188170
6 2 0.0651865 0.0253536 99236.1
6 3 0.0651865 0.0353137 213061
6 4 0.0651865 0.0452508 111124
6 5 0.0651865 0.0552138 332138
6 6 0.0651865 0.0651865 969235
6 7 0.0651865 0.0751707 218881
6 8 0.0651865 0.0852239 85994.4
6 9 0.0651865 0.0951299 60387.2
6 10 0.0651865 0.105118 34717.7
6 11 0.0651865 0.11511 32501.5
6 12 0.0651865 0.125114 45824
6 13 0.0651865 0.135074 25374.9
6 14 0.0651865 0.145079 26959.6
6 61 0.0651865 0.0158217 333121
6 62 0.0651865 0.0253536 -9994.96
6 63 0.0651865 0.0353137 -13937.6
6 64 0.0651865 0.0452508 134481
6 65 0.0651865 0.0552138 245892
6 66 0.0651865 0.0651865 523726
6 67 0.0651865 0.0751707 178518
6 68 0.0651865 0.0852239 46548.7
6 69 0.0651865 0.0951299 44071.3
6 70 0.0651865 0.105118 35386.6
6 71 0.0651865 0.11511 54178.9
6 72 0.0651865 0.125114 44208.7
6 73 0.0651865 0.135074 42056.7
6 74 0.0651865 0.145079 24539.5
6 121 0.0651865 0.0158217 -213244
6 122 0.0651865 0.0253536 28921.1
6 123 0.0651865 0.0353137 64124.1
6 124 0.0651865 0.0452508 -42617
6 125 0.0651865 0.0552138 37300.6
6 126 0.0651865 0.0651865 88718.5
6 127 0.0651865 0.0751707 -77221.4
6 128 0.0651865 0.0852239 6863.78
6 129 0.0651865 0.0951299 45433.6
7 1 0.0751707 0.0158217 342722
7 2 0.0751707 0.0253536 153632
7 3 0.0751707 0.0353137 110175
7 4 0.0751707 0.0452508 98226.8
7 5 0.0751707 0.0552138 113144
7 6 0.0751707 0.0651865 218881
7 7 0.0751707 0.0751707 582435
7 8 0.0751707 0.0852239 136469
7 9 0.0751707 0.0951299 51683.1
7 10 0.0751707 0.105118 36800.7
7 11 0.0751707 0.11511 24437.3
7 12 0.0751707 0.125114 38657.9
7 13 0.0751707 0.135074 26177.4
7 14 0.0751707 0.145079 23324.4
7 61 0.0751707 0.0158217 -228282
7 62 0.0751707 0.0253536 373819
7 63 0.0751707 0.0353137 -47759
7 64 0.0751707 0.0452508 33316.9
7 65 0.0751707 0.0552138 113175
7 66 0.0751707 0.0651865 194584
7 67 0.0751707 0.0751707 291203
7 68 0.0751707 0.0852239 115812
7 69 0.0751707 0.0951299 34640.5
7 70 0.0751707 0.105118 30696.8
7 71 0.0751707 0.11511 51468.2
7 72 0.0751707 0.125114 36616.9
7 73 0.0751707 0.135074 32233.1
7 74 0.0751707 0.145079 28375.8
7 121 0.0751707 0.0158217 -420696
7 122 0.0751707 0.0253536 -155608
7 123 0.0751707 0.0353137 206843
7 124 0.0751707 0.0452508 141700
7 125 0.0751707 0.0552138 86700.3
7 126 0.0751707 0.0651865 79458.3
7 127 0.0751707 0.0751707 79821.9
7 128 0.0751707 0.0852239 34433.2
7 129 0.0751707 0.0951299 12065.8
8 1 0.0852239 0.0158217 203843
8 2 0.0852239 0.0253536 267948
8 3 0.0852239 0.0353137 176503
8 4 0.0852239 0.0452508 101690
8 5 0.0852239 0.0552138 82632.1
8 6 0.0852239 0.0651865 85994.4
8 7 0.0852239 0.0751707 136469
8 8 0.0852239 0.0852239 341465
8 9 0.0852239 0.0951299 88397.1
8 10 0.0852239 0.105118 27589.9
8 11 0.0852239 0.11511 23363.6
8 12 0.0852239 0.125114 25374.8
8 13 0.0852239 0.135074 21724.6
8 14 0.0852239 0.145079 19906.7
8 61 0.0852239 0.0158217 4700.43
8 62 0.0852239 0.0253536 15280.3
8 63 0.0852239 0.0353137 187581
8 64 0.0852239 0.0452508 176084
8 65 0.0852239 0.0552138 120396
8 66 0.0852239 0.0651865 16848.4
8 67 0.0852239 0.0751707 91094.2
8 68 0.0852239 0.0852239 180693
8 69 0.0852239 0.0951299 86443
8 70 0.0852239 0.105118 35961.1
8 71 0.0852239 0.11511 30274
8 72 0.0852239 0.125114 23988.5
8 73 0.0852239 0.135074 23437.9
8 74 0.0852239 0.145079 31572.7
8 121 0.0852239 0.0158217 24419.5
8 122 0.0852239 0.0253536 21235
8 123 0.0852239 0.0353137 -8376.84
8 124 0.0852239 0.0452508 23282
8 125 0.0852239 0.0552138 56611.6
8 126 0.0852239 0.0651865 9247.91
8 127 0.0852239 0.0751707 39772.8
8 128 0.0852239 0.0852239 58425.6
8 129 0.0852239 0.0951299 -5138.13
9 1 0.0951299 0.0158217 225688
9 2 0.0951299 0.0253536 263973
9 3 0.0951299 0.0353137 172872
9 4 0.0951299 0.0452508 63361.4
9 5 0.0951299 0.0552138 61114.1
9 6 0.0951299 0.0651865 60387.2
9 7 0.0951299 0.0751707 51683.1
9 8 0.0951299 0.0852239 88397.1
9 9 0.0951299 0.0951299 215197
9 10 0.0951299 0.105118 57216
9 11 0.0951299 0.11511 22463.1
9 12 0.0951299 0.125114 21500.5
9 13 0.0951299 0.135074 13525.2
9 14 0.0951299 0.145079 17670.3
9 61 0.0951299 0.0158217 -189860
9 62 0.0951299 0.0253536 379405
9 63 0.0951299 0.0353137 238962
9 64 0.0951299 0.0452508 46526.9
9 65 0.0951299 0.0552138 48011
9 66 0.0951299 0.0651865 5537.85
9 67 0.0951299 0.0751707 14024.3
9 68 0.0951299 0.0852239 70821.6
9 69 0.0951299 0.0951299 134617
9 70 0.0951299 0.105118 57260.4
9 71 0.0951299 0.11511 11985.3
9 72 0.0951299 0.125114 17508.9
9 73 0.0951299 0.135074 19523
9 74 0.0951299 0.145079 18654.9
9 121 0.0951299 0.0158217 -56761.6
9 122 0.0951299 0.0253536 237764
9 123 0.0951299 0.0353137 197820
9 124 0.0951299 0.0452508 -2700.18
9 125 0.0951299 0.0552138 34604.3
9 126 0.0951299 0.0651865 -25273.5
9 127 0.0951299 0.0751707 -8180.69
9 128 0.0951299 0.0852239 19218.1
9 129 0.0951299 0.0951299 17893.4
10 1 0.105118 0.0158217 224398
10 2 0.105118 0.0253536 158435
10 3 0.105118 0.0353137 117617
10 4 0.105118 0.0452508 64109.2
10 5 0.105118 0.0552138 54160.5
10 6 0.105118 0.0651865 34717.7
10 7 0.105118 0.0751707 36800.7
10 8 0.105118 0.0852239 27589.9
10 9 0.105118 0.0951299 57216
10 10 0.105118 0.105118 140570
10 11 0.105118 0.11511 37389.3
10 12 0.105118 0.125114 13942.8
10 13 0.105118 0.135074 10267.9
10 14 0.105118 0.145079 12214.5
10 61 0.105118 0.0158217 -18837.8
10 62 0.105118 0.0253536 143041
10 63 0.105118 0.0353137 87183.9
10 64 0.105118 0.0452508 66324.4
10 65 0.105118 0.0552138 11453
10 66 0.105118 0.0651865 12801.3
10 67 0.105118 0.0751707 22177.5
10 68 0.105118 0.0852239 33569.8
10 69 0.105118 0.0951299 53160.9
10 70 0.105118 0.105118 60011.9
10 71 0.105118 0.11511 28171.4
10 72 0.105118 0.125114 11070.2
10 73 0.105118 0.135074 8035.78
10 74 0.105118 0.145079 7129.52
10 121 0.105118 0.0158217 -232809
10 122 0.105118 0.0253536 132971
10 123 0.105118 0.0353137 151543
10 124 0.105118 0.0452508 27477.1
10 125 0.105118 0.0552138 -15566.3
10 126 0.105118 0.0651865 -18876.9
10 127 0.105118 0.0751707 -31628.8
10 128 0.105118 0.0852239 -10594.9
10 129 0.105118 0.0951299 6441.55
11 1 0.11511 0.0158217 105094
11 2 0.11511 0.0253536 125788
11 3 0.11511 0.0353137 95528.1
11 4 0.11511 0.0452508 57896.1
11 5 0.11511 0.0552138 50907.3
11 6 0.11511 0.0651865 32501.5
11 7 0.11511 0.0751707 24437.3
11 8 0.11511 0.0852239 23363.6
11 9 0.11511 0.0951299 22463.1
11 10 0.11511 0.105118 37389.3
11 11 0.11511 0.11511 92874.3
11 12 0.11511 0.125114 25287.6
11 13 0.11511 0.135074 10244
11 14 0.11511 0.145079 10747.3
11 61 0.11511 0.0158217 155550
11 62 0.11511 0.0253536 102526
11 63 0.11511 0.0353137 47587.8
11 64 0.11511 0.0452508 48878.6
11 65 0.11511 0.0552138 29373.4
11 66 0.11511 0.0651865 10335.3
11 67 0.11511 0.0751707 9976.23
11 68 0.11511 0.0852239 32088.6
11 69 0.11511 0.0951299 21496.2
11 70 0.11511 0.105118 22730.8
11 71 0.11511 0.11511 41988
11 72 0.11511 0.125114 18366.2
11 73 0.11511 0.135074 6399.23
11 74 0.11511 0.145079 6386.28
11 121 0.11511 0.0158217 -37117.6
11 122 0.11511 0.0253536 50807.2
11 123 0.11511 0.0353137 101552
11 124 0.11511 0.0452508 49078.3
11 125 0.11511 0.0552138 -6586.53
11 126 0.11511 0.0651865 4589.75
11 127 0.11511 0.0751707 234.371
11 128 0.11511 0.0852239 14596.3
11 129 0.11511 0.0951299 11665.8
12 1 0.125114 0.0158217 18161.1
12 2 0.125114 0.0253536 60179.2
12 3 0.125114 0.0353137 76612.9
12 4 0.125114 0.0452508 44968.8
12 5 0.125114 0.0552138 31751.6
12 6 0.125114 0.0651865 45824
12 7 0.125114 0.0751707 38657.9
12 8 0.125114 0.0852239 25374.8
12 9 0.125114 0.0951299 21500.5
12 10 0.125114 0.105118 13942.8
12 11 0.125114 0.11511 25287.6
12 12 0.125114 0.125114 66039.4
12 13 0.125114 0.135074 16632
12 14 0.125114 0.145079 8954.94
12 61 0.125114 0.0158217 -156265
12 62 0.125114 0.0253536 50348.7
12 63 0.125114 0.0353137 41265.3
12 64 0.125114 0.0452508 22464.6
12 65 0.125114 0.0552138 32072.1
12 66 0.125114 0.0651865 41886.3
12 67 0.125114 0.0751707 36590.9
12 68 0.125114 0.0852239 31447.2
12 69 0.125114 0.0951299 7474.3
12 70 0.125114 0.105118 6427.65
12 71 0.125114 0.11511 24652
12 72 0.125114 0.125114 27477.4
12 73 0.125114 0.135074 13009.4
12 74 0.125114 0.145079 8392.69
12 121 0.125114 0.0158217 -105693
12 122 0.125114 0.0253536 -47172.4
12 123 0.125114 0.0353137 23621.4
12 124 0.125114 0.0452508 30330.9
12 125 0.125114 0.0552138 18012.8
12 126 0.125114 0.0651865 20857.7
12 127 0.125114 0.0751707 31996.4
12 128 0.125114 0.0852239 15033.8
12 129 0.125114 0.0951299 -4603.87
13 1 0.135074 0.0158217 14000
13 2 0.135074 0.0253536 47393.2
13 3 0.135074 0.0353137 39053.1
13 4 0.135074 0.0452508 40240.3
13 5 0.135074 0.0552138 22419.7
13 6 0.135074 0.0651865 25374.9
13 7 0.135074 0.0751707 26177.4
13 8 0.135074 0.0852239 21724.6
13 9 0.135074 0.0951299 13525.2
13 10 0.135074 0.105118 10267.9
13 11 0.135074 0.11511 10244
13 12 0.135074 0.125114 16632
13 13 0.135074 0.135074 49171.9
13 14 0.135074 0.145079 14200.5
13 61 0.135074 0.0158217 8003.6
13 62 0.135074 0.0253536 46303.1
13 63 0.135074 0.0353137 43903.1
13 64 0.135074 0.0452508 13767.9
13 65 0.135074 0.0552138 2919.07
13 66 0.135074 0.0651865 15402.7
13 67 0.135074 0.0751707 14474.5
13 68 0.135074 0.0852239 11762.5
13 69 0.135074 0.0951299 13818.4
13 70 0.135074 0.105118 401.863
13 71 0.135074 0.11511 8022.76
13 72 0.135074 0.125114 14073.1
13 73 0.135074 0.135074 17813.5
13 74 0.135074 0.145079 12271.2
13 121 0.135074 0.0158217 49127.8
13 122 0.135074 0.0253536 7937.21
13 123 0.135074 0.0353137 -1949.45
13 124 0.135074 0.0452508 -23179.1
13 125 0.135074 0.0552138 -1486.34
13 126 0.135074 0.0651865 12663.6
13 127 0.135074 0.0751707 2522.92
13 128 0.135074 0.0852239 4765.13
13 129 0.135074 0.0951299 1438.49
14 1 0.145079 0.0158217 81032.2
14 2 0.145079 0.0253536 51501.4
14 3 0.145079 0.0353137 55824.3
14 4 0.145079 0.0452508 43408.9
14 5 0.145079 0.0552138 31511.1
14 6 0.145079 0.0651865 26959.6
14 7 0.145079 0.0751707 23324.4
14 8 0.145079 0.0852239 19906.7
14 9 0.145079 0.0951299 17670.3
14 10 0.145079 0.105118 12214.5
14 11 0.145079 0.11511 10747.3
14 12 0.145079 0.125114 8954.94
14 13 0.145079 0.135074 14200.5
14 14 0.145079 0.145079 39552.8
14 61 0.145079 0.0158217 146016
14 62 0.145079 0.0253536 70090.5
14 63 0.145079 0.0353137 78325.5
14 64 0.145079 0.0452508 70185.7
14 65 0.145079 0.0552138 34181.1
14 66 0.145079 0.0651865 17407.2
14 67 0.145079 0.0751707 15467.3
14 68 0.145079 0.0852239 22087.9
14 69 0.145079 0.0951299 25681.5
14 70 0.145079 0.105118 12033.7
14 71 0.145079 0.11511 11174.1
14 72 0.145079 0.125114 8841.01
14 73 0.145079 0.135074 13355.4
14 74 0.145079 0.145079 18329.7
14 121 0.145079 0.0158217 -110709
14 122 0.145079 0.0253536 34.5756
14 123 0.145079 0.0353137 -10341.4
14 124 0.145079 0.0452508 30626.5
14 125 0.145079 0.0552138 -1578.87
14 126 0.145079 0.0651865 -18656.8
14 127 0.145079 0.0751707 2202.84
14 128 0.145079 0.0852239 12015.4
14 129 0.145079 0.0951299 11490
61 1 0.0158217 0.0158217 3.46618e+07
61 2 0.0158217 0.0253536 9.36879e+06
61 3 0.0158217 0.0353137 1.024e+06
61 4 0.0158217 0.0452508 -852149
61 5 0.0158217 0.0552138 -457972
61 6 0.0158217 0.0651865 333121
61 7 0.0158217 0.0751707 -228282
61 8 0.0158217 0.0852239 4700.43
61 9 0.0158217 0.0951299 -189860
61 10 0.0158217 0.105118 -18837.8
61 11 0.0158217 0.11511 155550
61 12 0.0158217 0.125114 -156265
61 13 0.0158217 0.135074 8003.6
61 14 0.0158217 0.145079 146016
61 61 0.0158217 0.0158217 3.90096e+08
61 62 0.0158217 0.0253536 6.24625e+07
61 63 0.0158217 0.0353137 1.11758e+06
61 64 0.0158217 0.0452508 -1.85745e+06
61 65 0.0158217 0.0552138 3.34754e+06
61 66 0.0158217 0.0651865 243588
61 67 0.0158217 0.0751707 876453
61 68 0.0158217 0.0852239 181929
61 69 0.0158217 0.0951299 681296
61 70 0.0158217 0.105118 58863.6
61 71 0.0158217 0.11511 -32377
61 72 0.0158217 0.125114 175076
61 73 0.0158217 0.135074 -139905
61 74 0.0158217 0.145079 197141
61 121 0.0158217 0.0158217 8.92495e+07
61 122 0.0158217 0.0253536 4.23341e+07
61 123 0.0158217 0.0353137 1.40905e+06
61 124 0.0158217 0.0452508 2.61191e+06
61 125 0.0158217 0.0552138 1.60823e+06
61 126 0.0158217 0.0651865 986856
61 127 0.0158217 0.0751707 1.11115e+06
61 128 0.0158217 0.0852239 1.4266e+06
61 129 0.0158217 0.0951299 775416
62 1 0.0253536 0.0158217 1.13078e+07
62 2 0.0253536 0.0253536 1.222e+07
62 3 0.0253536 0.0353137 3.134e+06
62 4 0.0253536 0.0452508 164689
62 5 0.0253536 0.0552138 435575
62 6 0.0253536 0.0651865 -9994.96
62 7 0.0253536 0.0751707 373819
62 8 0.0253536 0.0852239 15280.3
62 9 0.0253536 0.0951299 379405
62 10 0.0253536 0.105118 143041
62 11 0.0253536 0.11511 102526
62 12 0.0253536 0.125114 50348.7
62 13 0.0253536 0.135074 46303.1
62 14 0.0253536 0.145079 70090.5
62 61 0.0253536 0.0158217 6.24625e+07
62 62 0.0253536 0.0253536 1.33353e+08
62 63 0.0253536 0.0353137 2.18824e+07
62 64 0.0253536 0.0452508 218894
62 65 0.0253536 0.0552138 1.25839e+06
62 66 0.0253536 0.0651865 -184041
62 67 0.0253536 0.0751707 130991
62 68 0.0253536 0.0852239 491915
62 69 0.0253536 0.0951299 489277
62 70 0.0253536 0.105118 417957
62 71 0.0253536 0.11511 489647
62 72 0.0253536 0.125114 488738
62 73 0.0253536 0.135074 136376
62 74 0.0253536 0.145079 224164
62 121 0.0253536 0.0158217 5.6061e+06
62 122 0.0253536 0.0253536 2.78707e+07
62 123 0.0253536 0.0353137 1.14601e+07
62 124 0.0253536 0.0452508 2.57465e+06
62 125 0.0253536 0.0552138 1.24949e+06
62 126 0.0253536 0.0651865 1.32934e+06
62 127 0.0253536 0.0751707 -893992
62 128 0.0253536 0.0852239 258059
62 129 0.0253536 0.0951299 137152
63 1 0.0353137 0.0158217 -937778
63 2 0.0353137 0.0253536 4.98502e+06
63 3 0.0353137 0.0353137 5.862e+06
63 4 0.0353137 0.0452508 1.30172e+06
63 5 0.0353137 0.0552138 227424
63 6 0.0353137 0.0651865 -13937.6
63 7 0.0353137 0.0751707 -47759
63 8 0.0353137 0.0852239 187581
63 9 0.0353137 0.0951299 238962
63 10 0.0353137 0.105118 87183.9
63 11 0.0353137 0.11511 47587.8
63 12 0.0353137 0.125114 41265.3
63 13 0.0353137 0.135074 43903.1
63 14 0.0353137 0.145079 78325.5
63 61 0.0353137 0.0158217 1.11758e+06
63 62 0.0353137 0.0253536 2.18824e+07
63 63 0.0353137 0.0353137 4.98735e+07
63 64 0.0353137 0.0452508 7.39806e+06
63 65 0.0353137 0.0552138 815470
63 66 0.0353137 0.0651865 204665
63 67 0.0353137 0.0751707 456398
63 68 0.0353137 0.0852239 606263
63 69 0.0353137 0.0951299 462549
63 70 0.0353137 0.105118 347420
63 71 0.0353137 0.11511 327356
63 72 0.0353137 0.125114 210759
63 73 0.0353137 0.135074 244120
63 74 0.0353137 0.145079 182527
63 121 0.0353137 0.0158217 -3.69638e+06
63 122 0.0353137 0.0253536 5.06475e+06
63 123 0.0353137 0.0353137 1.66877e+07
63 124 0.0353137 0.0452508 3.20558e+06
63 125 0.0353137 0.0552138 449818
63 126 0.0353137 0.0651865 516988
63 127 0.0353137 0.0751707 -371631
63 128 0.0353137 0.0852239 243022
63 129 0.0353137 0.0951299 -208117
64 1 0.0452508 0.0158217 987792
64 2 0.0452508 0.0253536 1.62076e+06
64 3 0.0452508 0.0353137 1.8605e+06
64 4 0.0452508 0.0452508 1.87313e+06
64 5 0.0452508 0.0552138 602313
64 6 0.0452508 0.0651865 134481
64 7 0.0452508 0.0751707 33316.9
64 8 0.0452508 0.0852239 176084
64 9 0.0452508 0.0951299 46526.9
64 10 0.0452508 0.105118 66324.4
64 11 0.0452508 0.11511 48878.6
64 12 0.0452508 0.125114 22464.6
64 13 0.0452508 0.135074 13767.9
64 14 0.0452508 0.145079 70185.7
64 61 0.0452508 0.0158217 -1.85745e+06
64 62 0.0452508 0.0253536 218894
64 63 0.0452508 0.0353137 7.39806e+06
64 64 0.0452508 0.0452508 1.8704e+07
64 65 0.0452508 0.0552138 3.7616e+06
64 66 0.0452508 0.0651865 335756
64 67 0.0452508 0.0751707 258070
64 68 0.0452508 0.0852239 587365
64 69 0.0452508 0.0951299 190726
64 70 0.0452508 0.105118 132948
64 71 0.0452508 0.11511 249343
64 72 0.0452508 0.125114 178570
64 73 0.0452508 0.135074 206647
64 74 0.0452508 0.145079 203283
64 121 0.0452508 0.0158217 -1.49284e+06
64 122 0.0452508 0.0253536 -1.92436e+06
64 123 0.0452508 0.0353137 3.60972e+06
64 124 0.0452508 0.0452508 5.23031e+06
64 125 0.0452508 0.0552138 1.06302e+06
64 126 0.0452508 0.0651865 109601
64 127 0.0452508 0.0751707 233480
64 128 0.0452508 0.0852239 270995
64 129 0.0452508 0.0951299 106399
65 1 0.0552138 0.0158217 1.28308e+06
65 2 0.0552138 0.0253536 938555
65 3 0.0552138 0.0353137 255393
65 4 0.0552138 0.0452508 761808
65 5 0.0552138 0.0552138 923585
65 6 0.0552138 0.0651865 245892
65 7 0.0552138 0.0751707 113175
65 8 0.0552138 0.0852239 120396
65 9 0.0552138 0.0951299 48011
65 10 0.0552138 0.105118 11453
65 11 0.0552138 0.11511 29373.4
65 12 0.0552138 0.125114 32072.1
65 13 0.0552138 0.135074 2919.07
65 14 0.0552138 0.145079 34181.1
65 61 0.0552138 0.0158217 3.34754e+06
65 62 0.0552138 0.0253536 1.25839e+06
65 63 0.0552138 0.0353137 815470
65 64 0.0552138 0.0452508 3.7616e+06
65 65 0.0552138 0.0552138 9.75567e+06
65 66 0.0552138 0.0651865 2.08189e+06
65 67 0.0552138 0.0751707 328251
65 68 0.0552138 0.0852239 452003
65 69 0.0552138 0.0951299 218373
65 70 0.0552138 0.105118 247283
65 71 0.0552138 0.11511 137150
65 72 0.0552138 0.125114 212417
65 73 0.0552138 0.135074 126723
65 74 0.0552138 0.145079 135484
65 121 0.0552138 0.0158217 -1.70234e+06
65 122 0.0552138 0.0253536 -1.37708e+06
65 123 0.0552138 0.0353137 13501.7
65 124 0.0552138 0.0452508 480253
65 125 0.0552138 0.0552138 2.66021e+06
65 126 0.0552138 0.0651865 911458
65 127 0.0552138 0.0751707 149892
65 128 0.0552138 0.0852239 58033.4
65 129 0.0552138 0.0951299 85398.7
66 1 0.0651865 0.0158217 265233
66 2 0.0651865 0.0253536 400993
66 3 0.0651865 0.0353137 214470
66 4 0.0651865 0.0452508 116718
66 5 0.0651865 0.0552138 502916
66 6 0.0651865 0.0651865 523726
66 7 0.0651865 0.0751707 194584
66 8 0.0651865 0.0852239 16848.4
66 9 0.0651865 0.0951299 5537.85
66 10 0.0651865 0.105118 12801.3
66 11 0.0651865 0.11511 10335.3
66 12 0.0651865 0.125114 41886.3
66 13 0.0651865 0.135074 15402.7
66 14 0.0651865 0.145079 17407.2
66 61 0.0651865 0.0158217 243588
66 62 0.0651865 0.0253536 -184041
66 63 0.0651865 0.0353137 204665
66 64 0.0651865 0.0452508 335756
66 65 0.0651865 0.0552138 2.08189e+06
66 66 0.0651865 0.0651865 5.56858e+06
66 67 0.0651865 0.0751707 1.14113e+06
66 68 0.0651865 0.0852239 258266
66 69 0.0651865 0.0951299 115657
66 70 0.0651865 0.105118 213336
66 71 0.0651865 0.11511 121978
66 72 0.0651865 0.125114 154193
66 73 0.0651865 0.135074 120983
66 74 0.0651865 0.145079 102137
66 121 0.0651865 0.0158217 -439109
66 122 0.0651865 0.0253536 -925824
66 123 0.0651865 0.0353137 58030.9
66 124 0.0651865 0.0452508 -44987.3
66 125 0.0651865 0.0552138 785716
66 126 0.0651865 0.0651865 1.6227e+06
66 127 0.0651865 0.0751707 433827
66 128 0.0651865 0.0852239 173693
66 129 0.0651865 0.0951299 212163
67 1 0.0751707 0.0158217 -138028
67 2 0.0751707 0.0253536 40933.2
67 3 0.0751707 0.0353137 35101.5
67 4 0.0751707 0.0452508 -34161.6
67 5 0.0751707 0.0552138 91245.4
67 6 0.0751707 0.0651865 178518
67 7 0.0751707 0.0751707 291203
67 8 0.0751707 0.0852239 91094.2
67 9 0.0751707 0.0951299 14024.3
67 10 0.0751707 0.105118 22177.5
67 11 0.0751707 0.11511 9976.23
67 12 0.0751707 0.125114 36590.9
67 13 0.0751707 0.135074 14474.5
67 14 0.0751707 0.145079 15467.3
67 61 0.0751707 0.0158217 876453
67 62 0.0751707 0.0253536 130991
67 63 0.0751707 0.0353137 456398
67 64 0.0751707 0.0452508 258070
67 65 0.0751707 0.0552138 328251
67 66 0.0751707 0.0651865 1.14113e+06
67 67 0.0751707 0.0751707 3.22198e+06
67 68 0.0751707 0.0852239 792206
67 69 0.0751707 0.0951299 156140
67 70 0.0751707 0.105118 114051
67 71 0.0751707 0.11511 117401
67 72 0.0751707 0.125114 148882
67 73 0.0751707 0.135074 80014.9
67 74 0.0751707 0.145079 79243.6
67 121 0.0751707 0.0158217 187447
67 122 0.0751707 0.0253536 283637
67 123 0.0751707 0.0353137 181302
67 124 0.0751707 0.0452508 183206
67 125 0.0751707 0.0552138 115591
67 126 0.0751707 0.0651865 368514
67 127 0.0751707 0.0751707 844643
67 128 0.0751707 0.0852239 249774
67 129 0.0751707 0.0951299 98745.7
68 1 0.0852239 0.0158217 250124
68 2 0.0852239 0.0253536 416484
68 3 0.0852239 0.0353137 74950.2
68 4 0.0852239 0.0452508 139921
68 5 0.0852239 0.0552138 82944.1
68 6 0.0852239 0.0651865 46548.7
68 7 0.0852239 0.0751707 115812
68 8 0.0852239 0.0852239 180693
68 9 0.0852239 0.0951299 70821.6
68 10 0.0852239 0.105118 33569.8
68 11 0.0852239 0.11511 32088.6
68 12 0.0852239 0.125114 31447.2
68 13 0.0852239 0.135074 11762.5
68 14 0.0852239 0.145079 22087.9
68 61 0.0852239 0.0158217 181929
68 62 0.0852239 0.0253536 491915
68 63 0.0852239 0.0353137 606263
68 64 0.0852239 0.0452508 587365
68 65 0.0852239 0.0552138 452003
68 66 0.0852239 0.0651865 258266
68 67 0.0852239 0.0751707 792206
68 68 0.0852239 0.0852239 1.88164e+06
68 69 0.0852239 0.0951299 451122
68 70 0.0852239 0.105118 114809
68 71 0.0852239 0.11511 92760.7
68 72 0.0852239 0.125114 80426.1
68 73 0.0852239 0.135074 73721.2
68 74 0.0852239 0.145079 69846
68 121 0.0852239 0.0158217 -339406
68 122 0.0852239 0.0253536 135287
68 123 0.0852239 0.0353137 321567
68 124 0.0852239 0.0452508 441788
68 125 0.0852239 0.0552138 276620
68 126 0.0852239 0.0651865 19256.4
68 127 0.0852239 0.0751707 202614
68 128 0.0852239 0.0852239 511097
68 129 0.0852239 0.0951299 175165
69 1 0.0951299 0.0158217 265843
69 2 0.0951299 0.0253536 445383
69 3 0.0951299 0.0353137 119289
69 4 0.0951299 0.0452508 113283
69 5 0.0951299 0.0552138 103537
69 6 0.0951299 0.0651865 44071.3
69 7 0.0951299 0.0751707 34640.5
69 8 0.0951299 0.0852239 86443
69 9 0.0951299 0.0951299 134617
69 10 0.0951299 0.105118 53160.9
69 11 0.0951299 0.11511 21496.2
69 12 0.0951299 0.125114 7474.3
69 13 0.0951299 0.135074 13818.4
69 14 0.0951299 0.145079 25681.5
69 61 0.0951299 0.0158217 681296
69 62 0.0951299 0.0253536 489277
69 63 0.0951299 0.0353137 462549
69 64 0.0951299 0.0452508 190726
69 65 0.0951299 0.0552138 218373
69 66 0.0951299 0.0651865 115657
69 67 0.0951299 0.0751707 156140
69 68 0.0951299 0.0852239 451122
69 69 0.0951299 0.0951299 1.14757e+06
69 70 0.0951299 0.105118 268286
69 71 0.0951299 0.11511 85932.2
69 72 0.0951299 0.125114 66038.8
69 73 0.0951299 0.135074 62987.8
69 74 0.0951299 0.145079 61715.6
69 121 0.0951299 0.0158217 -227255
69 122 0.0951299 0.0253536 474998
69 123 0.0951299 0.0353137 -4206.54
69 124 0.0951299 0.0452508 -73002.7
69 125 0.0951299 0.0552138 -9284.77
69 126 0.0951299 0.0651865 -35611.7
69 127 0.0951299 0.0751707 64840.6
69 128 0.0951299 0.0852239 197304
69 129 0.0951299 0.0951299 310363
70 1 0.105118 0.0158217 190845
70 2 0.105118 0.0253536 179502
70 3 0.105118 0.0353137 179489
70 4 0.105118 0.0452508 95684.9
70 5 0.105118 0.0552138 85466.5
70 6 0.105118 0.0651865 35386.6
70 7 0.105118 0.0751707 30696.8
70 8 0.105118 0.0852239 35961.1
70 9 0.105118 0.0951299 57260.4
70 10 0.105118 0.105118 60011.9
70 11 0.105118 0.11511 22730.8
70 12 0.105118 0.125114 6427.65
70 13 0.105118 0.135074 401.863
70 14 0.105118 0.145079 12033.7
70 61 0.105118 0.0158217 58863.6
70 62 0.105118 0.0253536 417957
70 63 0.105118 0.0353137 347420
70 64 0.105118 0.0452508 132948
70 65 0.105118 0.0552138 247283
70 66 0.105118 0.0651865 213336
70 67 0.105118 0.0751707 114051
70 68 0.105118 0.0852239 114809
70 69 0.105118 0.0951299 268286
70 70 0.105118 0.105118 728811
70 71 0.105118 0.11511 167706
70 72 0.105118 0.125114 48015.4
70 73 0.105118 0.135074 48146.3
70 74 0.105118 0.145079 53568.5
70 121 0.105118 0.0158217 -688087
70 122 0.105118 0.0253536 189450
70 123 0.105118 0.0353137 182216
70 124 0.105118 0.0452508 112408
70 125 0.105118 0.0552138 152888
70 126 0.105118 0.0651865 45398.2
70 127 0.105118 0.0751707 45553.7
70 128 0.105118 0.0852239 56741.2
70 129 0.105118 0.0951299 75376.8
71 1 0.11511 0.0158217 174397
71 2 0.11511 0.0253536 23996.2
71 3 0.11511 0.0353137 172752
71 4 0.11511 0.0452508 74325.1
71 5 0.11511 0.0552138 61628.1
71 6 0.11511 0.0651865 54178.9
71 7 0.11511 0.0751707 51468.2
71 8 0.11511 0.0852239 30274
71 9 0.11511 0.0951299 11985.3
71 10 0.11511 0.105118 28171.4
71 11 0.11511 0.11511 41988
71 12 0.11511 0.125114 24652
71 13 0.11511 0.135074 8022.76
71 14 0.11511 0.145079 11174.1
71 61 0.11511 0.0158217 -32377
71 62 0.11511 0.0253536 489647
71 63 0.11511 0.0353137 327356
71 64 0.11511 0.0452508 249343
71 65 0.11511 0.0552138 137150
71 66 0.11511 0.0651865 121978
71 67 0.11511 0.0751707 117401
71 68 0.11511 0.0852239 92760.7
71 69 0.11511 0.0951299 85932.2
71 70 0.11511 0.105118 167706
71 71 0.11511 0.11511 499369
71 72 0.11511 0.125114 145630
71 73 0.11511 0.135074 46170.8
71 74 0.11511 0.145079 38643.3
71 121 0.11511 0.0158217 20342.7
71 122 0.11511 0.0253536 -31096.8
71 123 0.11511 0.0353137 3429.44
71 124 0.11511 0.0452508 110128
71 125 0.11511 0.0552138 79916.5
71 126 0.11511 0.0651865 -3714.86
71 127 0.11511 0.0751707 40734.3
71 128 0.11511 0.0852239 23301.9
71 129 0.11511 0.0951299 5229.96
72 1 0.125114 0.0158217 -146093
72 2 0.125114 0.0253536 -9857.04
72 3 0.125114 0.0353137 79952.4
72 4 0.125114 0.0452508 53288
72 5 0.125114 0.0552138 41802.6
72 6 0.125114 0.0651865 44208.7
72 7 0.125114 0.0751707 36616.9
72 8 0.125114 0.0852239 23988.5
72 9 0.125114 0.0951299 17508.9
72 10 0.125114 0.105118 11070.2
72 11 0.125114 0.11511 18366.2
72 12 0.125114 0.125114 27477.4
72 13 0.125114 0.135074 14073.1
72 14 0.125114 0.145079 8841.01
72 61 0.125114 0.0158217 175076
72 62 0.125114 0.0253536 488738
72 63 0.125114 0.0353137 210759
72 64 0.125114 0.0452508 178570
72 65 0.125114 0.0552138 212417
72 66 0.125114 0.0651865 154193
72 67 0.125114 0.0751707 148882
72 68 0.125114 0.0852239 80426.1
72 69 0.125114 0.0951299 66038.8
72 70 0.125114 0.105118 48015.4
72 71 0.125114 0.11511 145630
72 72 0.125114 0.125114 372049
72 73 0.125114 0.135074 98744.5
72 74 0.125114 0.145079 32261.3
72 121 0.125114 0.0158217 -142493
72 122 0.125114 0.0253536 110807
72 123 0.125114 0.0353137 1270.61
72 124 0.125114 0.0452508 124738
72 125 0.125114 0.0552138 142189
72 126 0.125114 0.0651865 47505.5
72 127 0.125114 0.0751707 34281.8
72 128 0.125114 0.0852239 14930.8
72 129 0.125114 0.0951299 13648.4
73 1 0.135074 0.0158217 26792.8
73 2 0.135074 0.0253536 97621.2
73 3 0.135074 0.0353137 111547
73 4 0.135074 0.0452508 36655.3
73 5 0.135074 0.0552138 43096.9
73 6 0.135074 0.0651865 42056.7
73 7 0.135074 0.0751707 32233.1
73 8 0.135074 0.0852239 23437.9
73 9 0.135074 0.0951299 19523
73 10 0.135074 0.105118 8035.78
73 11 0.135074 0.11511 6399.23
73 12 0.135074 0.125114 13009.4
73 13 0.135074 0.135074 17813.5
73 14 0.135074 0.145079 13355.4
73 61 0.135074 0.0158217 -139905
73 62 0.135074 0.0253536 136376
73 63 0.135074 0.0353137 244120
73 64 0.135074 0.0452508 206647
73 65 0.135074 0.0552138 126723
73 66 0.135074 0.0651865 120983
73 67 0.135074 0.0751707 80014.9
73 68 0.135074 0.0852239 73721.2
73 69 0.135074 0.0951299 62987.8
73 70 0.135074 0.105118 48146.3
73 71 0.135074 0.11511 46170.8
73 72 0.135074 0.125114 98744.5
73 73 0.135074 0.135074 266522
73 74 0.135074 0.145079 74645
73 121 0.135074 0.0158217 73396
73 122 0.135074 0.0253536 70909.9
73 123 0.135074 0.0353137 157924
73 124 0.135074 0.0452508 178670
73 125 0.135074 0.0552138 98724.2
73 126 0.135074 0.0651865 27166.2
73 127 0.135074 0.0751707 -8232.92
73 128 0.135074 0.0852239 38378
73 129 0.135074 0.0951299 38751.4
74 1 0.145079 0.0158217 143341
74 2 0.145079 0.0253536 105410
74 3 0.145079 0.0353137 75878.3
74 4 0.145079 0.0452508 49455.6
74 5 0.145079 0.0552138 34473.9
74 6 0.145079 0.0651865 24539.5
74 7 0.145079 0.0751707 28375.8
74 8 0.145079 0.0852239 31572.7
74 9 0.145079 0.0951299 18654.9
74 10 0.145079 0.105118 7129.52
74 11 0.145079 0.11511 6386.28
74 12 0.145079 0.125114 8392.69
74 13 0.145079 0.135074 12271.2
74 14 0.145079 0.145079 18329.7
74 61 0.145079 0.0158217 197141
74 62 0.145079 0.0253536 224164
74 63 0.145079 0.0353137 182527
74 64 0.145079 0.0452508 203283
74 65 0.145079 0.0552138 135484
74 66 0.145079 0.0651865 102137
74 67 0.145079 0.0751707 79243.6
74 68 0.145079 0.0852239 69846
74 69 0.145079 0.0951299 61715.6
74 70 0.145079 0.105118 53568.5
74 71 0.145079 0.11511 38643.3
74 72 0.145079 0.125114 32261.3
74 73 0.145079 0.135074 74645
74 74 0.145079 0.145079 206998
74 121 0.145079 0.0158217 209411
74 122 0.145079 0.0253536 77890.8
74 123 0.145079 0.0353137 30456.7
74 124 0.145079 0.0452508 108613
74 125 0.145079 0.0552138 100033
74 126 0.145079 0.0651865 26836.9
74 127 0.145079 0.0751707 2051.59
74 128 0.145079 0.0852239 40923
74 129 0.145079 0.0951299 21573
121 1 0.0158217 0.0158217 1.0463e+06
121 2 0.0158217 0.0253536 1.45569e+06
121 3 0.0158217 0.0353137 -605578
121 4 0.0158217 0.0452508 -940992
121 5 0.0158217 0.0552138 11024.5
121 6 0.0158217 0.0651865 -213244
121 7 0.0158217 0.0751707 -420696
121 8 0.0158217 0.0852239 24419.5
121 9 0.0158217 0.0951299 -56761.6
121 10 0.0158217 0.105118 -232809
121 11 0.0158217 0.11511 -37117.6
121 12 0.0158217 0.125114 -105693
121 13 0.0158217 0.135074 49127.8
121 14 0.0158217 0.145079 -110709
121 61 0.0158217 0.0158217 8.92495e+07
121 62 0.0158217 0.0253536 5.6061e+06
121 63 0.0158217 0.0353137 -3.69638e+06
121 64 0.0158217 0.0452508 -1.49284e+06
121 65 0.0158217 0.0552138 -1.70234e+06
121 66 0.0158217 0.0651865 -439109
121 67 0.0158217 0.0751707 187447
121 68 0.0158217 0.0852239 -339406
121 69 0.0158217 0.0951299 -227255
121 70 0.0158217 0.105118 -688087
121 71 0.0158217 0.11511 20342.7
121 72 0.0158217 0.125114 -142493
121 73 0.0158217 0.135074 73396
121 74 0.0158217 0.145079 209411
121 121 0.0158217 0.0158217 3.85284e+08
121 122 0.0158217 0.0253536 7.06337e+07
121 123 0.0158217 0.0353137 835652
121 124 0.0158217 0.0452508 4.77178e+06
121 125 0.0158217 0.0552138 1.3333e+06
121 126 0.0158217 0.0651865 235450
121 127 0.0158217 0.0751707 -1.00874e+06
121 128 0.0158217 0.0852239 375581
121 129 0.0158217 0.0951299 -98156.3
122 1 0.0253536 0.0158217 9.13184e+06
122 2 0.0253536 0.0253536 -305616
122 3 0.0253536 0.0353137 975688
122 4 0.0253536 0.0452508 -57428.5
122 5 0.0253536 0.0552138 -162865
122 6 0.0253536 0.0651865 28921.1
122 7 0.0253536 0.0751707 -155608
122 8 0.0253536 0.0852239 21235
122 9 0.0253536 0.0951299 237764
122 10 0.0253536 0.105118 132971
122 11 0.0253536 0.11511 50807.2
122 12 0.0253536 0.125114 -47172.4
122 13 0.0253536 0.135074 7937.21
122 14 0.0253536 0.145079 34.5756
122 61 0.0253536 0.0158217 4.23341e+07
122 62 0.0253536 0.0253536 2.78707e+07
122 63 0.0253536 0.0353137 5.06475e+06
122 64 0.0253536 0.0452508 -1.92436e+06
122 65 0.0253536 0.0552138 -1.37708e+06
122 66 0.0253536 0.0651865 -925824
122 67 0.0253536 0.0751707 283637
122 68 0.0253536 0.0852239 135287
122 69 0.0253536 0.0951299 474998
122 70 0.0253536 0.105118 189450
122 71 0.0253536 0.11511 -31096.8
122 72 0.0253536 0.125114 110807
122 73 0.0253536 0.135074 70909.9
122 74 0.0253536 0.145079 77890.8
122 121 0.0253536 0.0158217 7.06337e+07
122 122 0.0253536 0.0253536 1.66968e+08
122 123 0.0253536 0.0353137 3.10248e+07
122 124 0.0253536 0.0452508 2.63825e+06
122 125 0.0253536 0.0552138 796635
122 126 0.0253536 0.0651865 393654
122 127 0.0253536 0.0751707 -403377
122 128 0.0253536 0.0852239 494793
122 129 0.0253536 0.0951299 391532
123 1 0.0353137 0.0158217 3.76283e+06
123 2 0.0353137 0.0253536 1.80002e+06
123 3 0.0353137 0.0353137 1.91498e+06
123 4 0.0353137 0.0452508 930236
123 5 0.0353137 0.0552138 180157
123 6 0.0353137 0.0651865 64124.1
123 7 0.0353137 0.0751707 206843
123 8 0.0353137 0.0852239 -8376.84
123 9 0.0353137 0.0951299 197820
123 10 0.0353137 0.105118 151543
123 11 0.0353137 0.11511 101552
123 12 0.0353137 0.125114 23621.4
123 13 0.0353137 0.135074 -1949.45
123 14 0.0353137 0.145079 -10341.4
123 61 0.0353137 0.0158217 1.40905e+06
123 62 0.0353137 0.0253536 1.14601e+07
123 63 0.0353137 0.0353137 1.66877e+07
123 64 0.0353137 0.0452508 3.60972e+06
123 65 0.0353137 0.0552138 13501.7
123 66 0.0353137 0.0651865 58030.9
123 67 0.0353137 0.0751707 181302
123 68 0.0353137 0.0852239 321567
123 69 0.0353137 0.0951299 -4206.54
123 70 0.0353137 0.105118 182216
123 71 0.0353137 0.11511 3429.44
123 72 0.0353137 0.125114 1270.61
123 73 0.0353137 0.135074 157924
123 74 0.0353137 0.145079 30456.7
123 121 0.0353137 0.0158217 835652
123 122 0.0353137 0.0253536 3.10248e+07
123 123 0.0353137 0.0353137 7.50763e+07
123 124 0.0353137 0.0452508 1.19641e+07
123 125 0.0353137 0.0552138 359976
123 126 0.0353137 0.0651865 1.47901e+06
123 127 0.0353137 0.0751707 -85075.6
123 128 0.0353137 0.0852239 -219287
123 129 0.0353137 0.0951299 343587
124 1 0.0452508 0.0158217 -822910
124 2 0.0452508 0.0253536 99136.6
124 3 0.0452508 0.0353137 -542107
124 4 0.0452508 0.0452508 -139615
124 5 0.0452508 0.0552138 107638
124 6 0.0452508 0.0651865 -42617
124 7 0.0452508 0.0751707 141700
124 8 0.0452508 0.0852239 23282
124 9 0.0452508 0.0951299 -2700.18
124 10 0.0452508 0.105118 27477.1
124 11 0.0452508 0.11511 49078.3
124 12 0.0452508 0.125114 30330.9
124 13 0.0452508 0.135074 -23179.1
124 14 0.0452508 0.145079 30626.5
124 61 0.0452508 0.0158217 2.61191e+06
124 62 0.0452508 0.0253536 2.57465e+06
124 63 0.0452508 0.0353137 3.20558e+06
124 64 0.0452508 0.0452508 5.23031e+06
124 65 0.0452508 0.0552138 480253
124 66 0.0452508 0.0651865 -44987.3
124 67 0.0452508 0.0751707 183206
124 68 0.0452508 0.0852239 441788
124 69 0.0452508 0.0951299 -73002.7
124 70 0.0452508 0.105118 112408
124 71 0.0452508 0.11511 110128
124 72 0.0452508 0.125114 124738
124 73 0.0452508 0.135074 178670
124 74 0.0452508 0.145079 108613
124 121 0.0452508 0.0158217 4.77178e+06
124 122 0.0452508 0.0253536 2.63825e+06
124 123 0.0452508 0.0353137 1.19641e+07
124 124 0.0452508 0.0452508 2.7793e+07
124 125 0.0452508 0.0552138 5.20815e+06
124 126 0.0452508 0.0651865 966094
124 127 0.0452508 0.0751707 347748
124 128 0.0452508 0.0852239 344869
124 129 0.0452508 0.0951299 312183
125 1 0.0552138 0.0158217 26630.3
125 2 0.0552138 0.0253536 767694
125 3 0.0552138 0.0353137 369532
125 4 0.0552138 0.0452508 -146625
125 5 0.0552138 0.0552138 197896
125 6 0.0552138 0.0651865 37300.6
125 7 0.0552138 0.0751707 86700.3
125 8 0.0552138 0.0852239 56611.6
125 9 0.0552138 0.0951299 34604.3
125 10 0.0552138 0.105118 -15566.3
125 11 0.0552138 0.11511 -6586.53
125 12 0.0552138 0.125114 18012.8
125 13 0.0552138 0.135074 -1486.34
125 14 0.0552138 0.145079 -1578.87
125 61 0.0552138 0.0158217 1.60823e+06
125 62 0.0552138 0.0253536 1.24949e+06
125 63 0.0552138 0.0353137 449818
125 64 0.0552138 0.0452508 1.06302e+06
125 65 0.0552138 0.0552138 2.66021e+06
125 66 0.0552138 0.0651865 785716
125 67 0.0552138 0.0751707 115591
125 68 0.0552138 0.0852239 276620
125 69 0.0552138 0.0951299 -9284.77
125 70 0.0552138 0.105118 152888
125 71 0.0552138 0.11511 79916.5
125 72 0.0552138 0.125114 142189
125 73 0.0552138 0.135074 98724.2
125 74 0.0552138 0.145079 100033
125 121 0.0552138 0.0158217 1.3333e+06
125 122 0.0552138 0.0253536 796635
125 123 0.0552138 0.0353137 359976
125 124 0.0552138 0.0452508 5.20815e+06
125 125 0.0552138 0.0552138 1.56235e+07
125 126 0.0552138 0.0651865 3.17934e+06
125 127 0.0552138 0.0751707 519051
125 128 0.0552138 0.0852239 415377
125 129 0.0552138 0.0951299 202340
126 1 0.0651865 0.0158217 71648.9
126 2 0.0651865 0.0253536 -15733.1
126 3 0.0651865 0.0353137 210306
126 4 0.0651865 0.0452508 48323.1
126 5 0.0651865 0.0552138 101528
126 6 0.0651865 0.0651865 88718.5
126 7 0.0651865 0.0751707 79458.3
126 8 0.0651865 0.0852239 9247.91
126 9 0.0651865 0.0951299 -25273.5
126 10 0.0651865 0.105118 -18876.9
126 11 0.0651865 0.11511 4589.75
126 12 0.0651865 0.125114 20857.7
126 13 0.0651865 0.135074 12663.6
126 14 0.0651865 0.145079 -18656.8
126 61 0.0651865 0.0158217 986856
126 62 0.0651865 0.0253536 1.32934e+06
126 63 0.0651865 0.0353137 516988
126 64 0.0651865 0.0452508 109601
126 65 0.0651865 0.0552138 911458
126 66 0.0651865 0.0651865 1.6227e+06
126 67 0.0651865 0.0751707 368514
126 68 0.0651865 0.0852239 19256.4
126 69 0.0651865 0.0951299 -35611.7
126 70 0.0651865 0.105118 45398.2
126 71 0.0651865 0.11511 -3714.86
126 72 0.0651865 0.125114 47505.5
126 73 0.0651865 0.135074 27166.2
126 74 0.0651865 0.145079 26836.9
126 121 0.0651865 0.0158217 235450
126 122 0.0651865 0.0253536 393654
126 123 0.0651865 0.0353137 1.47901e+06
126 124 0.0651865 0.0452508 966094
126 125 0.0651865 0.0552138 3.17934e+06
126 126 0.0651865 0.0651865 8.70254e+06
126 127 0.0651865 0.0751707 2.04228e+06
126 128 0.0651865 0.0852239 523815
126 129 0.0651865 0.0951299 313473
127 1 0.0751707 0.0158217 -189519
127 2 0.0751707 0.0253536 -329466
127 3 0.0751707 0.0353137 7946.41
127 4 0.0751707 0.0452508 121209
127 5 0.0751707 0.0552138 7118.57
127 6 0.0751707 0.0651865 -77221.4
127 7 0.0751707 0.0751707 79821.9
127 8 0.0751707 0.0852239 39772.8
127 9 0.0751707 0.0951299 -8180.69
127 10 0.0751707 0.105118 -31628.8
127 11 0.0751707 0.11511 234.371
127 12 0.0751707 0.125114 31996.4
127 13 0.0751707 0.135074 2522.92
127 14 0.0751707 0.145079 2202.84
127 61 0.0751707 0.0158217 1.11115e+06
127 62 0.0751707 0.0253536 -893992
127 63 0.0751707 0.0353137 -371631
127 64 0.0751707 0.0452508 233480
127 65 0.0751707 0.0552138 149892
127 66 0.0751707 0.0651865 433827
127 67 0.0751707 0.0751707 844643
127 68 0.0751707 0.0852239 202614
127 69 0.0751707 0.0951299 64840.6
127 70 0.0751707 0.105118 45553.7
127 71 0.0751707 0.11511 40734.3
127 72 0.0751707 0.125114 34281.8
127 73 0.0751707 0.135074 -8232.92
127 74 0.0751707 0.145079 2051.59
127 121 0.0751707 0.0158217 -1.00874e+06
127 122 0.0751707 0.0253536 -403377
127 123 0.0751707 0.0353137 -85075.6
127 124 0.0751707 0.0452508 347748
127 125 0.0751707 0.0552138 519051
127 126 0.0751707 0.0651865 2.04228e+06
127 127 0.0751707 0.0751707 5.04666e+06
127 128 0.0751707 0.0852239 1.10825e+06
127 129 0.0751707 0.0951299 204854
128 1 0.0852239 0.0158217 86471.9
128 2 0.0852239 0.0253536 -86575.5
128 3 0.0852239 0.0353137 16032.8
128 4 0.0852239 0.0452508 43874.9
128 5 0.0852239 0.0552138 32249.2
128 6 0.0852239 0.0651865 6863.78
128 7 0.0852239 0.0751707 34433.2
128 8 0.0852239 0.0852239 58425.6
128 9 0.0852239 0.0951299 19218.1
128 10 0.0852239 0.105118 -10594.9
128 11 0.0852239 0.11511 14596.3
128 12 0.0852239 0.125114 15033.8
128 13 0.0852239 0.135074 4765.13
128 14 0.0852239 0.145079 12015.4
128 61 0.0852239 0.0158217 1.4266e+06
128 62 0.0852239 0.0253536 258059
128 63 0.0852239 0.0353137 243022
128 64 0.0852239 0.0452508 270995
128 65 0.0852239 0.0552138 58033.4
128 66 0.0852239 0.0651865 173693
128 67 0.0852239 0.0751707 249774
128 68 0.0852239 0.0852239 511097
128 69 0.0852239 0.0951299 197304
128 70 0.0852239 0.105118 56741.2
128 71 0.0852239 0.11511 23301.9
128 72 0.0852239 0.125114 14930.8
128 73 0.0852239 0.135074 38378
128 74 0.0852239 0.145079 40923
128 121 0.0852239 0.0158217 375581
128 122 0.0852239 0.0253536 494793
128 123 0.0852239 0.0353137 -219287
128 124 0.0852239 0.0452508 344869
128 125 0.0852239 0.0552138 415377
128 126 0.0852239 0.0651865 523815
128 127 0.0852239 0.0751707 1.10825e+06
128 128 0.0852239 0.0852239 2.88835e+06
128 129 0.0852239 0.0951299 646253
129 1 0.0951299 0.0158217 -74551.2
129 2 0.0951299 0.0253536 -18492.6
129 3 0.0951299 0.0353137 -35933.8
129 4 0.0951299 0.0452508 44490.2
129 5 0.0951299 0.0552138 58808.7
129 6 0.0951299 0.0651865 45433.6
129 7 0.0951299 0.0751707 12065.8
129 8 0.0951299 0.0852239 -5138.13
129 9 0.0951299 0.0951299 17893.4
129 10 0.0951299 0.105118 6441.55
129 11 0.0951299 0.11511 11665.8
129 12 0.0951299 0.125114 -4603.87
129 13 0.0951299 0.135074 1438.49
129 14 0.0951299 0.145079 11490
129 61 0.0951299 0.0158217 775416
129 62 0.0951299 0.0253536 137152
129 63 0.0951299 0.0353137 -208117
129 64 0.0951299 0.0452508 106399
129 65 0.0951299 0.0552138 85398.7
129 66 0.0951299 0.0651865 212163
129 67 0.0951299 0.0751707 98745.7
129 68 0.0951299 0.0852239 175165
129 69 0.0951299 0.0951299 310363
129 70 0.0951299 0.105118 75376.8
129 71 0.0951299 0.11511 5229.96
129 72 0.0951299 0.125114 13648.4
129 73 0.0951299 0.135074 38751.4
129 74 0.0951299 0.145079 21573
129 121 0.0951299 0.0158217 -98156.3
129 122 0.0951299 0.0253536 391532
129 123 0.0951299 0.0353137 343587
129 124 0.0951299 0.0452508 312183
129 125 0.0951299 0.0552138 202340
129 126 0.0951299 0.0651865 313473
129 127 0.0951299 0.0751707 204854
129 128 0.0951299 0.0852239 646253
129 129 0.0951299 0.0951299 1.86171e+06
