### header ###
Covariance matrix for monopole, quadrupole and hexadecapole calculated from the 2045 mocks
5 columns: {measured power spectrum bin index i} {measured power spectrum bin index j} k_i k_j C_ij
### header ###
1 1 0.0157673 0.0157673 2.96738e+07
1 2 0.0157673 0.0254842 3.40642e+06
1 3 0.0157673 0.0353452 218179
1 4 0.0157673 0.0452647 118023
1 5 0.0157673 0.0552107 80310.8
1 6 0.0157673 0.0651922 -36621.1
1 7 0.0157673 0.0751594 95846.4
1 8 0.0157673 0.0851518 31076.3
1 9 0.0157673 0.095133 85572.7
1 10 0.0157673 0.105125 16084.7
1 11 0.0157673 0.115119 24756.7
1 12 0.0157673 0.125099 44568.4
1 13 0.0157673 0.135096 22691.2
1 14 0.0157673 0.145096 35694.1
1 61 0.0157673 0.0157673 1.37856e+07
1 62 0.0157673 0.0254842 7.77916e+06
1 63 0.0157673 0.0353452 303086
1 64 0.0157673 0.0452647 505424
1 65 0.0157673 0.0552107 93003.4
1 66 0.0157673 0.0651922 -68591
1 67 0.0157673 0.0751594 55716.3
1 68 0.0157673 0.0851518 78674.1
1 69 0.0157673 0.095133 113046
1 70 0.0157673 0.105125 46655.6
1 71 0.0157673 0.115119 26739.8
1 72 0.0157673 0.125099 -5953.7
1 73 0.0157673 0.135096 5685.73
1 74 0.0157673 0.145096 28847
1 121 0.0157673 0.0157673 1.37261e+06
1 122 0.0157673 0.0254842 771304
1 123 0.0157673 0.0353452 297431
1 124 0.0157673 0.0452647 666234
1 125 0.0157673 0.0552107 194237
1 126 0.0157673 0.0651922 217626
1 127 0.0157673 0.0751594 267333
1 128 0.0157673 0.0851518 108842
1 129 0.0157673 0.095133 -14053.7
2 1 0.0254842 0.0157673 3.40642e+06
2 2 0.0254842 0.0254842 8.72706e+06
2 3 0.0254842 0.0353452 1.08598e+06
2 4 0.0254842 0.0452647 254186
2 5 0.0254842 0.0552107 152801
2 6 0.0254842 0.0651922 19912.7
2 7 0.0254842 0.0751594 17145.3
2 8 0.0254842 0.0851518 30238.1
2 9 0.0254842 0.095133 35068.3
2 10 0.0254842 0.105125 39547.7
2 11 0.0254842 0.115119 29408.7
2 12 0.0254842 0.125099 20907
2 13 0.0254842 0.135096 25894.2
2 14 0.0254842 0.145096 19061.9
2 61 0.0254842 0.0157673 4.34365e+06
2 62 0.0254842 0.0254842 5.20879e+06
2 63 0.0254842 0.0353452 2.17616e+06
2 64 0.0254842 0.0452647 408319
2 65 0.0254842 0.0552107 376372
2 66 0.0254842 0.0651922 108239
2 67 0.0254842 0.0751594 107630
2 68 0.0254842 0.0851518 68553.7
2 69 0.0254842 0.095133 -10759.1
2 70 0.0254842 0.105125 -8319.8
2 71 0.0254842 0.115119 69046.5
2 72 0.0254842 0.125099 35621.2
2 73 0.0254842 0.135096 7913.96
2 74 0.0254842 0.145096 25440.7
2 121 0.0254842 0.0157673 2.13793e+06
2 122 0.0254842 0.0254842 631270
2 123 0.0254842 0.0353452 172529
2 124 0.0254842 0.0452647 84129.1
2 125 0.0254842 0.0552107 191453
2 126 0.0254842 0.0651922 256431
2 127 0.0254842 0.0751594 -7208.74
2 128 0.0254842 0.0851518 -39049.1
2 129 0.0254842 0.095133 14962
3 1 0.0353452 0.0157673 218179
3 2 0.0353452 0.0254842 1.08598e+06
3 3 0.0353452 0.0353452 2.98988e+06
3 4 0.0353452 0.0452647 426591
3 5 0.0353452 0.0552107 112100
3 6 0.0353452 0.0651922 91487.4
3 7 0.0353452 0.0751594 25109.8
3 8 0.0353452 0.0851518 41957.9
3 9 0.0353452 0.095133 37031.6
3 10 0.0353452 0.105125 34193.5
3 11 0.0353452 0.115119 26663
3 12 0.0353452 0.125099 22789.3
3 13 0.0353452 0.135096 27000.3
3 14 0.0353452 0.145096 21716.1
3 61 0.0353452 0.0157673 -51585.8
3 62 0.0353452 0.0254842 1.33826e+06
3 63 0.0353452 0.0353452 1.5517e+06
3 64 0.0353452 0.0452647 838006
3 65 0.0353452 0.0552107 182826
3 66 0.0353452 0.0651922 129461
3 67 0.0353452 0.0751594 64021.2
3 68 0.0353452 0.0851518 27552.2
3 69 0.0353452 0.095133 72866.9
3 70 0.0353452 0.105125 32913.7
3 71 0.0353452 0.115119 45342.1
3 72 0.0353452 0.125099 20384.9
3 73 0.0353452 0.135096 25270.3
3 74 0.0353452 0.145096 32539.5
3 121 0.0353452 0.0157673 539908
3 122 0.0353452 0.0254842 509159
3 123 0.0353452 0.0353452 71652.3
3 124 0.0353452 0.0452647 31658.1
3 125 0.0353452 0.0552107 -6613.38
3 126 0.0353452 0.0651922 44688.4
3 127 0.0353452 0.0751594 17450.1
3 128 0.0353452 0.0851518 -11985.3
3 129 0.0353452 0.095133 -2603.78
4 1 0.0452647 0.0157673 118023
4 2 0.0452647 0.0254842 254186
4 3 0.0452647 0.0353452 426591
4 4 0.0452647 0.0452647 1.32761e+06
4 5 0.0452647 0.0552107 219187
4 6 0.0452647 0.0651922 65449.3
4 7 0.0452647 0.0751594 42450.3
4 8 0.0452647 0.0851518 28839.5
4 9 0.0452647 0.095133 31503.4
4 10 0.0452647 0.105125 27508.2
4 11 0.0452647 0.115119 23317.6
4 12 0.0452647 0.125099 22943.8
4 13 0.0452647 0.135096 20530.7
4 14 0.0452647 0.145096 15083.7
4 61 0.0452647 0.0157673 346821
4 62 0.0452647 0.0254842 -54385.8
4 63 0.0452647 0.0353452 332543
4 64 0.0452647 0.0452647 630565
4 65 0.0452647 0.0552107 306296
4 66 0.0452647 0.0651922 69152.7
4 67 0.0452647 0.0751594 -9406.2
4 68 0.0452647 0.0851518 -1383.35
4 69 0.0452647 0.095133 41391.5
4 70 0.0452647 0.105125 25651.3
4 71 0.0452647 0.115119 49363.6
4 72 0.0452647 0.125099 40083.1
4 73 0.0452647 0.135096 19286.8
4 74 0.0452647 0.145096 11962.7
4 121 0.0452647 0.0157673 295206
4 122 0.0452647 0.0254842 -61637.9
4 123 0.0452647 0.0353452 -30532.5
4 124 0.0452647 0.0452647 98263.2
4 125 0.0452647 0.0552107 -38331.8
4 126 0.0452647 0.0651922 32304.6
4 127 0.0452647 0.0751594 16147.7
4 128 0.0452647 0.0851518 -25483.8
4 129 0.0452647 0.095133 -15416.1
5 1 0.0552107 0.0157673 80310.8
5 2 0.0552107 0.0254842 152801
5 3 0.0552107 0.0353452 112100
5 4 0.0552107 0.0452647 219187
5 5 0.0552107 0.0552107 643583
5 6 0.0552107 0.0651922 122721
5 7 0.0552107 0.0751594 40531.4
5 8 0.0552107 0.0851518 25425.4
5 9 0.0552107 0.095133 21150.3
5 10 0.0552107 0.105125 15171.1
5 11 0.0552107 0.115119 13249.8
5 12 0.0552107 0.125099 16719.1
5 13 0.0552107 0.135096 16400.2
5 14 0.0552107 0.145096 13984.1
5 61 0.0552107 0.0157673 -245818
5 62 0.0552107 0.0254842 52546.6
5 63 0.0552107 0.0353452 157914
5 64 0.0552107 0.0452647 307921
5 65 0.0552107 0.0552107 246414
5 66 0.0552107 0.0651922 162325
5 67 0.0552107 0.0751594 27636.9
5 68 0.0552107 0.0851518 5664.21
5 69 0.0552107 0.095133 25297
5 70 0.0552107 0.105125 8429.53
5 71 0.0552107 0.115119 19756.3
5 72 0.0552107 0.125099 19671.5
5 73 0.0552107 0.135096 18855.6
5 74 0.0552107 0.145096 9978.79
5 121 0.0552107 0.0157673 -158952
5 122 0.0552107 0.0254842 -30648.2
5 123 0.0552107 0.0353452 154577
5 124 0.0552107 0.0452647 135247
5 125 0.0552107 0.0552107 53619
5 126 0.0552107 0.0651922 25145
5 127 0.0552107 0.0751594 12826.4
5 128 0.0552107 0.0851518 31118.6
5 129 0.0552107 0.095133 12286.4
6 1 0.0651922 0.0157673 -36621.1
6 2 0.0651922 0.0254842 19912.7
6 3 0.0651922 0.0353452 91487.4
6 4 0.0651922 0.0452647 65449.3
6 5 0.0651922 0.0552107 122721
6 6 0.0651922 0.0651922 360039
6 7 0.0651922 0.0751594 79469.4
6 8 0.0651922 0.0851518 27667.9
6 9 0.0651922 0.095133 23308.2
6 10 0.0651922 0.105125 17133.5
6 11 0.0651922 0.115119 16004.5
6 12 0.0651922 0.125099 14862.4
6 13 0.0651922 0.135096 13404.8
6 14 0.0651922 0.145096 11926.1
6 61 0.0651922 0.0157673 -239771
6 62 0.0651922 0.0254842 -246775
6 63 0.0651922 0.0353452 56119.1
6 64 0.0651922 0.0452647 83848.2
6 65 0.0651922 0.0552107 107764
6 66 0.0651922 0.0651922 166626
6 67 0.0651922 0.0751594 70725.8
6 68 0.0651922 0.0851518 8177.44
6 69 0.0651922 0.095133 29532.2
6 70 0.0651922 0.105125 23906.5
6 71 0.0651922 0.115119 20241.7
6 72 0.0651922 0.125099 19594.9
6 73 0.0651922 0.135096 18311.9
6 74 0.0651922 0.145096 14800.8
6 121 0.0651922 0.0157673 -84633.2
6 122 0.0651922 0.0254842 -93541
6 123 0.0651922 0.0353452 69463.6
6 124 0.0651922 0.0452647 22399.4
6 125 0.0651922 0.0552107 7271.19
6 126 0.0651922 0.0651922 33397.6
6 127 0.0651922 0.0751594 -1694.74
6 128 0.0651922 0.0851518 24549.1
6 129 0.0651922 0.095133 13028.1
7 1 0.0751594 0.0157673 95846.4
7 2 0.0751594 0.0254842 17145.3
7 3 0.0751594 0.0353452 25109.8
7 4 0.0751594 0.0452647 42450.3
7 5 0.0751594 0.0552107 40531.4
7 6 0.0751594 0.0651922 79469.4
7 7 0.0751594 0.0751594 212779
7 8 0.0751594 0.0851518 46906.5
7 9 0.0751594 0.095133 19157.4
7 10 0.0751594 0.105125 17622.7
7 11 0.0751594 0.115119 16236.1
7 12 0.0751594 0.125099 15635.5
7 13 0.0751594 0.135096 13195.4
7 14 0.0751594 0.145096 9934.54
7 61 0.0751594 0.0157673 -99748.9
7 62 0.0751594 0.0254842 -103902
7 63 0.0751594 0.0353452 -36035.8
7 64 0.0751594 0.0452647 68031.9
7 65 0.0751594 0.0552107 41919.8
7 66 0.0751594 0.0651922 73997.7
7 67 0.0751594 0.0751594 84069.8
7 68 0.0751594 0.0851518 58354.9
7 69 0.0751594 0.095133 31346.6
7 70 0.0751594 0.105125 21382.2
7 71 0.0751594 0.115119 21718.7
7 72 0.0751594 0.125099 16865.6
7 73 0.0751594 0.135096 12763.4
7 74 0.0751594 0.145096 16132.6
7 121 0.0751594 0.0157673 -35083.4
7 122 0.0751594 0.0254842 -20958.1
7 123 0.0751594 0.0353452 2401.26
7 124 0.0751594 0.0452647 -40331.7
7 125 0.0751594 0.0552107 -9632.04
7 126 0.0751594 0.0651922 19863.7
7 127 0.0751594 0.0751594 4084.26
7 128 0.0751594 0.0851518 11152.5
7 129 0.0751594 0.095133 -37.4157
8 1 0.0851518 0.0157673 31076.3
8 2 0.0851518 0.0254842 30238.1
8 3 0.0851518 0.0353452 41957.9
8 4 0.0851518 0.0452647 28839.5
8 5 0.0851518 0.0552107 25425.4
8 6 0.0851518 0.0651922 27667.9
8 7 0.0851518 0.0751594 46906.5
8 8 0.0851518 0.0851518 137030
8 9 0.0851518 0.095133 29663.7
8 10 0.0851518 0.105125 13655.7
8 11 0.0851518 0.115119 12605.7
8 12 0.0851518 0.125099 8678.61
8 13 0.0851518 0.135096 8810.92
8 14 0.0851518 0.145096 8255.02
8 61 0.0851518 0.0157673 118955
8 62 0.0851518 0.0254842 78248.4
8 63 0.0851518 0.0353452 22865.4
8 64 0.0851518 0.0452647 55875
8 65 0.0851518 0.0552107 15847.9
8 66 0.0851518 0.0651922 27271.5
8 67 0.0851518 0.0751594 60883.3
8 68 0.0851518 0.0851518 56520.7
8 69 0.0851518 0.095133 37710.6
8 70 0.0851518 0.105125 14301.3
8 71 0.0851518 0.115119 12880.2
8 72 0.0851518 0.125099 12635.3
8 73 0.0851518 0.135096 9276.88
8 74 0.0851518 0.145096 10115.8
8 121 0.0851518 0.0157673 64799.2
8 122 0.0851518 0.0254842 138223
8 123 0.0851518 0.0353452 -3721.9
8 124 0.0851518 0.0452647 16512.9
8 125 0.0851518 0.0552107 20325.6
8 126 0.0851518 0.0651922 8711.62
8 127 0.0851518 0.0751594 -6151.34
8 128 0.0851518 0.0851518 16340.9
8 129 0.0851518 0.095133 10629.3
9 1 0.095133 0.0157673 85572.7
9 2 0.095133 0.0254842 35068.3
9 3 0.095133 0.0353452 37031.6
9 4 0.095133 0.0452647 31503.4
9 5 0.095133 0.0552107 21150.3
9 6 0.095133 0.0651922 23308.2
9 7 0.095133 0.0751594 19157.4
9 8 0.095133 0.0851518 29663.7
9 9 0.095133 0.095133 81504.7
9 10 0.095133 0.105125 19748.4
9 11 0.095133 0.115119 9721.04
9 12 0.095133 0.125099 6442.52
9 13 0.095133 0.135096 6520.35
9 14 0.095133 0.145096 5612.6
9 61 0.095133 0.0157673 146017
9 62 0.095133 0.0254842 59452.9
9 63 0.095133 0.0353452 12126.5
9 64 0.095133 0.0452647 35161.7
9 65 0.095133 0.0552107 9285.08
9 66 0.095133 0.0651922 14393.2
9 67 0.095133 0.0751594 22212.3
9 68 0.095133 0.0851518 33389.3
9 69 0.095133 0.095133 26334.5
9 70 0.095133 0.105125 19227.7
9 71 0.095133 0.115119 8225.97
9 72 0.095133 0.125099 9640.34
9 73 0.095133 0.135096 5878.61
9 74 0.095133 0.145096 1904.7
9 121 0.095133 0.0157673 -19447.9
9 122 0.095133 0.0254842 -39890.5
9 123 0.095133 0.0353452 -5068.24
9 124 0.095133 0.0452647 19179.8
9 125 0.095133 0.0552107 -7073.55
9 126 0.095133 0.0651922 10951.8
9 127 0.095133 0.0751594 13524.9
9 128 0.095133 0.0851518 15196.9
9 129 0.095133 0.095133 1119.47
10 1 0.105125 0.0157673 16084.7
10 2 0.105125 0.0254842 39547.7
10 3 0.105125 0.0353452 34193.5
10 4 0.105125 0.0452647 27508.2
10 5 0.105125 0.0552107 15171.1
10 6 0.105125 0.0651922 17133.5
10 7 0.105125 0.0751594 17622.7
10 8 0.105125 0.0851518 13655.7
10 9 0.105125 0.095133 19748.4
10 10 0.105125 0.105125 52896.8
10 11 0.105125 0.115119 13309.3
10 12 0.105125 0.125099 4238.91
10 13 0.105125 0.135096 5884.66
10 14 0.105125 0.145096 4848.07
10 61 0.105125 0.0157673 -12405.6
10 62 0.105125 0.0254842 -2004.4
10 63 0.105125 0.0353452 41267
10 64 0.105125 0.0452647 2400.22
10 65 0.105125 0.0552107 26235.2
10 66 0.105125 0.0651922 23065.3
10 67 0.105125 0.0751594 24508.9
10 68 0.105125 0.0851518 17288
10 69 0.105125 0.095133 25418.1
10 70 0.105125 0.105125 21604.1
10 71 0.105125 0.115119 15666.5
10 72 0.105125 0.125099 8088.38
10 73 0.105125 0.135096 2832.09
10 74 0.105125 0.145096 5032.5
10 121 0.105125 0.0157673 -94946.3
10 122 0.105125 0.0254842 -39538.3
10 123 0.105125 0.0353452 27319.4
10 124 0.105125 0.0452647 3843.24
10 125 0.105125 0.0552107 5483.82
10 126 0.105125 0.0651922 16091.2
10 127 0.105125 0.0751594 9225.68
10 128 0.105125 0.0851518 7601.67
10 129 0.105125 0.095133 5301.29
11 1 0.115119 0.0157673 24756.7
11 2 0.115119 0.0254842 29408.7
11 3 0.115119 0.0353452 26663
11 4 0.115119 0.0452647 23317.6
11 5 0.115119 0.0552107 13249.8
11 6 0.115119 0.0651922 16004.5
11 7 0.115119 0.0751594 16236.1
11 8 0.115119 0.0851518 12605.7
11 9 0.115119 0.095133 9721.04
11 10 0.115119 0.105125 13309.3
11 11 0.115119 0.115119 40339.4
11 12 0.115119 0.125099 9133.06
11 13 0.115119 0.135096 4891.62
11 14 0.115119 0.145096 4601.28
11 61 0.115119 0.0157673 -21653.2
11 62 0.115119 0.0254842 -21366.1
11 63 0.115119 0.0353452 13743.5
11 64 0.115119 0.0452647 7010.99
11 65 0.115119 0.0552107 23268.7
11 66 0.115119 0.0651922 6465.72
11 67 0.115119 0.0751594 15951.2
11 68 0.115119 0.0851518 12692.2
11 69 0.115119 0.095133 12210.4
11 70 0.115119 0.105125 12735.4
11 71 0.115119 0.115119 16096.3
11 72 0.115119 0.125099 11536.9
11 73 0.115119 0.135096 4976.82
11 74 0.115119 0.145096 4480.44
11 121 0.115119 0.0157673 30969.1
11 122 0.115119 0.0254842 41245.2
11 123 0.115119 0.0353452 -1727.62
11 124 0.115119 0.0452647 22768.8
11 125 0.115119 0.0552107 15375
11 126 0.115119 0.0651922 14499
11 127 0.115119 0.0751594 -167.946
11 128 0.115119 0.0851518 -8742.93
11 129 0.115119 0.095133 1210.54
12 1 0.125099 0.0157673 44568.4
12 2 0.125099 0.0254842 20907
12 3 0.125099 0.0353452 22789.3
12 4 0.125099 0.0452647 22943.8
12 5 0.125099 0.0552107 16719.1
12 6 0.125099 0.0651922 14862.4
12 7 0.125099 0.0751594 15635.5
12 8 0.125099 0.0851518 8678.61
12 9 0.125099 0.095133 6442.52
12 10 0.125099 0.105125 4238.91
12 11 0.125099 0.115119 9133.06
12 12 0.125099 0.125099 29042.8
12 13 0.125099 0.135096 7018.24
12 14 0.125099 0.145096 4206.65
12 61 0.125099 0.0157673 -22410.1
12 62 0.125099 0.0254842 46822.2
12 63 0.125099 0.0353452 35204.2
12 64 0.125099 0.0452647 22980.6
12 65 0.125099 0.0552107 16412.5
12 66 0.125099 0.0651922 12250.6
12 67 0.125099 0.0751594 8534.67
12 68 0.125099 0.0851518 5970.42
12 69 0.125099 0.095133 8644.78
12 70 0.125099 0.105125 7709.46
12 71 0.125099 0.115119 9178.8
12 72 0.125099 0.125099 9221
12 73 0.125099 0.135096 6921.08
12 74 0.125099 0.145096 3291.38
12 121 0.125099 0.0157673 3316.75
12 122 0.125099 0.0254842 66381.5
12 123 0.125099 0.0353452 9826.07
12 124 0.125099 0.0452647 21131.6
12 125 0.125099 0.0552107 8597.99
12 126 0.125099 0.0651922 2320.04
12 127 0.125099 0.0751594 -2719.23
12 128 0.125099 0.0851518 3831.49
12 129 0.125099 0.095133 584.756
13 1 0.135096 0.0157673 22691.2
13 2 0.135096 0.0254842 25894.2
13 3 0.135096 0.0353452 27000.3
13 4 0.135096 0.0452647 20530.7
13 5 0.135096 0.0552107 16400.2
13 6 0.135096 0.0651922 13404.8
13 7 0.135096 0.0751594 13195.4
13 8 0.135096 0.0851518 8810.92
13 9 0.135096 0.095133 6520.35
13 10 0.135096 0.105125 5884.66
13 11 0.135096 0.115119 4891.62
13 12 0.135096 0.125099 7018.24
13 13 0.135096 0.135096 22107.9
13 14 0.135096 0.145096 6344.51
13 61 0.135096 0.0157673 -24786.5
13 62 0.135096 0.0254842 -13846.3
13 63 0.135096 0.0353452 40598.8
13 64 0.135096 0.0452647 15674.8
13 65 0.135096 0.0552107 19126.2
13 66 0.135096 0.0651922 8613.19
13 67 0.135096 0.0751594 10117.5
13 68 0.135096 0.0851518 6806.67
13 69 0.135096 0.095133 4597.8
13 70 0.135096 0.105125 5263.53
13 71 0.135096 0.115119 5243.96
13 72 0.135096 0.125099 6451.37
13 73 0.135096 0.135096 6600.77
13 74 0.135096 0.145096 5657.24
13 121 0.135096 0.0157673 10348.4
13 122 0.135096 0.0254842 30310
13 123 0.135096 0.0353452 -15083.4
13 124 0.135096 0.0452647 6024.82
13 125 0.135096 0.0552107 12899.9
13 126 0.135096 0.0651922 7673.69
13 127 0.135096 0.0751594 -265.218
13 128 0.135096 0.0851518 1057.12
13 129 0.135096 0.095133 -1228.58
14 1 0.145096 0.0157673 35694.1
14 2 0.145096 0.0254842 19061.9
14 3 0.145096 0.0353452 21716.1
14 4 0.145096 0.0452647 15083.7
14 5 0.145096 0.0552107 13984.1
14 6 0.145096 0.0651922 11926.1
14 7 0.145096 0.0751594 9934.54
14 8 0.145096 0.0851518 8255.02
14 9 0.145096 0.095133 5612.6
14 10 0.145096 0.105125 4848.07
14 11 0.145096 0.115119 4601.28
14 12 0.145096 0.125099 4206.65
14 13 0.145096 0.135096 6344.51
14 14 0.145096 0.145096 17101.8
14 61 0.145096 0.0157673 -64159.6
14 62 0.145096 0.0254842 -4185.06
14 63 0.145096 0.0353452 18964.9
14 64 0.145096 0.0452647 16255.3
14 65 0.145096 0.0552107 11510.9
14 66 0.145096 0.0651922 5768.5
14 67 0.145096 0.0751594 7789.02
14 68 0.145096 0.0851518 7936.14
14 69 0.145096 0.095133 5627.24
14 70 0.145096 0.105125 6811.3
14 71 0.145096 0.115119 5942.91
14 72 0.145096 0.125099 5169.23
14 73 0.145096 0.135096 6136.71
14 74 0.145096 0.145096 4636.75
14 121 0.145096 0.0157673 -30194.8
14 122 0.145096 0.0254842 -27220.3
14 123 0.145096 0.0353452 -8386.11
14 124 0.145096 0.0452647 3907.81
14 125 0.145096 0.0552107 10661.5
14 126 0.145096 0.0651922 7251.95
14 127 0.145096 0.0751594 -1005.58
14 128 0.145096 0.0851518 7154.3
14 129 0.145096 0.095133 2801.01
61 1 0.0157673 0.0157673 1.37856e+07
61 2 0.0157673 0.0254842 4.34365e+06
61 3 0.0157673 0.0353452 -51585.8
61 4 0.0157673 0.0452647 346821
61 5 0.0157673 0.0552107 -245818
61 6 0.0157673 0.0651922 -239771
61 7 0.0157673 0.0751594 -99748.9
61 8 0.0157673 0.0851518 118955
61 9 0.0157673 0.095133 146017
61 10 0.0157673 0.105125 -12405.6
61 11 0.0157673 0.115119 -21653.2
61 12 0.0157673 0.125099 -22410.1
61 13 0.0157673 0.135096 -24786.5
61 14 0.0157673 0.145096 -64159.6
61 61 0.0157673 0.0157673 1.35309e+08
61 62 0.0157673 0.0254842 2.32954e+07
61 63 0.0157673 0.0353452 2.1551e+06
61 64 0.0157673 0.0452647 1.74214e+06
61 65 0.0157673 0.0552107 1.27221e+06
61 66 0.0157673 0.0651922 83646.4
61 67 0.0157673 0.0751594 509180
61 68 0.0157673 0.0851518 395818
61 69 0.0157673 0.095133 64428.9
61 70 0.0157673 0.105125 275734
61 71 0.0157673 0.115119 177095
61 72 0.0157673 0.125099 -47578.4
61 73 0.0157673 0.135096 129773
61 74 0.0157673 0.145096 -54558.7
61 121 0.0157673 0.0157673 4.32763e+07
61 122 0.0157673 0.0254842 1.77119e+07
61 123 0.0157673 0.0353452 1.17796e+06
61 124 0.0157673 0.0452647 440208
61 125 0.0157673 0.0552107 683055
61 126 0.0157673 0.0651922 -177934
61 127 0.0157673 0.0751594 722001
61 128 0.0157673 0.0851518 175052
61 129 0.0157673 0.095133 181114
62 1 0.0254842 0.0157673 7.77916e+06
62 2 0.0254842 0.0254842 5.20879e+06
62 3 0.0254842 0.0353452 1.33826e+06
62 4 0.0254842 0.0452647 -54385.8
62 5 0.0254842 0.0552107 52546.6
62 6 0.0254842 0.0651922 -246775
62 7 0.0254842 0.0751594 -103902
62 8 0.0254842 0.0851518 78248.4
62 9 0.0254842 0.095133 59452.9
62 10 0.0254842 0.105125 -2004.4
62 11 0.0254842 0.115119 -21366.1
62 12 0.0254842 0.125099 46822.2
62 13 0.0254842 0.135096 -13846.3
62 14 0.0254842 0.145096 -4185.06
62 61 0.0254842 0.0157673 2.32954e+07
62 62 0.0254842 0.0254842 4.85717e+07
62 63 0.0254842 0.0353452 7.85218e+06
62 64 0.0254842 0.0452647 1.29346e+06
62 65 0.0254842 0.0552107 1.04975e+06
62 66 0.0254842 0.0651922 298617
62 67 0.0254842 0.0751594 398282
62 68 0.0254842 0.0851518 42180
62 69 0.0254842 0.095133 161124
62 70 0.0254842 0.105125 172731
62 71 0.0254842 0.115119 97417.3
62 72 0.0254842 0.125099 76352
62 73 0.0254842 0.135096 4541.61
62 74 0.0254842 0.145096 54993.4
62 121 0.0254842 0.0157673 3.84673e+06
62 122 0.0254842 0.0254842 1.18332e+07
62 123 0.0254842 0.0353452 4.96165e+06
62 124 0.0254842 0.0452647 954680
62 125 0.0254842 0.0552107 720953
62 126 0.0254842 0.0651922 519265
62 127 0.0254842 0.0751594 278165
62 128 0.0254842 0.0851518 -127741
62 129 0.0254842 0.095133 -3380.79
63 1 0.0353452 0.0157673 303086
63 2 0.0353452 0.0254842 2.17616e+06
63 3 0.0353452 0.0353452 1.5517e+06
63 4 0.0353452 0.0452647 332543
63 5 0.0353452 0.0552107 157914
63 6 0.0353452 0.0651922 56119.1
63 7 0.0353452 0.0751594 -36035.8
63 8 0.0353452 0.0851518 22865.4
63 9 0.0353452 0.095133 12126.5
63 10 0.0353452 0.105125 41267
63 11 0.0353452 0.115119 13743.5
63 12 0.0353452 0.125099 35204.2
63 13 0.0353452 0.135096 40598.8
63 14 0.0353452 0.145096 18964.9
63 61 0.0353452 0.0157673 2.1551e+06
63 62 0.0353452 0.0254842 7.85218e+06
63 63 0.0353452 0.0353452 1.5976e+07
63 64 0.0353452 0.0452647 3.12282e+06
63 65 0.0353452 0.0552107 581120
63 66 0.0353452 0.0651922 304719
63 67 0.0353452 0.0751594 69974
63 68 0.0353452 0.0851518 -84826.9
63 69 0.0353452 0.095133 129208
63 70 0.0353452 0.105125 77610.9
63 71 0.0353452 0.115119 139299
63 72 0.0353452 0.125099 67046.6
63 73 0.0353452 0.135096 79591.8
63 74 0.0353452 0.145096 48307.6
63 121 0.0353452 0.0157673 126090
63 122 0.0353452 0.0254842 2.0012e+06
63 123 0.0353452 0.0353452 3.96339e+06
63 124 0.0353452 0.0452647 2.2955e+06
63 125 0.0353452 0.0552107 868347
63 126 0.0353452 0.0651922 74518.8
63 127 0.0353452 0.0751594 -3334.2
63 128 0.0353452 0.0851518 -121911
63 129 0.0353452 0.095133 30730.6
64 1 0.0452647 0.0157673 505424
64 2 0.0452647 0.0254842 408319
64 3 0.0452647 0.0353452 838006
64 4 0.0452647 0.0452647 630565
64 5 0.0452647 0.0552107 307921
64 6 0.0452647 0.0651922 83848.2
64 7 0.0452647 0.0751594 68031.9
64 8 0.0452647 0.0851518 55875
64 9 0.0452647 0.095133 35161.7
64 10 0.0452647 0.105125 2400.22
64 11 0.0452647 0.115119 7010.99
64 12 0.0452647 0.125099 22980.6
64 13 0.0452647 0.135096 15674.8
64 14 0.0452647 0.145096 16255.3
64 61 0.0452647 0.0157673 1.74214e+06
64 62 0.0452647 0.0254842 1.29346e+06
64 63 0.0452647 0.0353452 3.12282e+06
64 64 0.0452647 0.0452647 6.81423e+06
64 65 0.0452647 0.0552107 1.38057e+06
64 66 0.0452647 0.0651922 266688
64 67 0.0452647 0.0751594 138266
64 68 0.0452647 0.0851518 23390.6
64 69 0.0452647 0.095133 63159
64 70 0.0452647 0.105125 87055.3
64 71 0.0452647 0.115119 99208.2
64 72 0.0452647 0.125099 43761.5
64 73 0.0452647 0.135096 89196
64 74 0.0452647 0.145096 51117.6
64 121 0.0452647 0.0157673 48554.6
64 122 0.0452647 0.0254842 -379496
64 123 0.0452647 0.0353452 922318
64 124 0.0452647 0.0452647 2.14068e+06
64 125 0.0452647 0.0552107 915307
64 126 0.0452647 0.0651922 157965
64 127 0.0452647 0.0751594 150392
64 128 0.0452647 0.0851518 -43012
64 129 0.0452647 0.095133 9846.44
65 1 0.0552107 0.0157673 93003.4
65 2 0.0552107 0.0254842 376372
65 3 0.0552107 0.0353452 182826
65 4 0.0552107 0.0452647 306296
65 5 0.0552107 0.0552107 246414
65 6 0.0552107 0.0651922 107764
65 7 0.0552107 0.0751594 41919.8
65 8 0.0552107 0.0851518 15847.9
65 9 0.0552107 0.095133 9285.08
65 10 0.0552107 0.105125 26235.2
65 11 0.0552107 0.115119 23268.7
65 12 0.0552107 0.125099 16412.5
65 13 0.0552107 0.135096 19126.2
65 14 0.0552107 0.145096 11510.9
65 61 0.0552107 0.0157673 1.27221e+06
65 62 0.0552107 0.0254842 1.04975e+06
65 63 0.0552107 0.0353452 581120
65 64 0.0552107 0.0452647 1.38057e+06
65 65 0.0552107 0.0552107 3.33533e+06
65 66 0.0552107 0.0651922 629401
65 67 0.0552107 0.0751594 92600.9
65 68 0.0552107 0.0851518 31537.4
65 69 0.0552107 0.095133 58100.2
65 70 0.0552107 0.105125 38663.3
65 71 0.0552107 0.115119 78689.7
65 72 0.0552107 0.125099 57808.2
65 73 0.0552107 0.135096 40909.9
65 74 0.0552107 0.145096 57112.7
65 121 0.0552107 0.0157673 310572
65 122 0.0552107 0.0254842 86373.4
65 123 0.0552107 0.0353452 -88700.4
65 124 0.0552107 0.0452647 547836
65 125 0.0552107 0.0552107 777283
65 126 0.0552107 0.0651922 388600
65 127 0.0552107 0.0751594 47437.5
65 128 0.0552107 0.0851518 9177.17
65 129 0.0552107 0.095133 75575.9
66 1 0.0651922 0.0157673 -68591
66 2 0.0651922 0.0254842 108239
66 3 0.0651922 0.0353452 129461
66 4 0.0651922 0.0452647 69152.7
66 5 0.0651922 0.0552107 162325
66 6 0.0651922 0.0651922 166626
66 7 0.0651922 0.0751594 73997.7
66 8 0.0651922 0.0851518 27271.5
66 9 0.0651922 0.095133 14393.2
66 10 0.0651922 0.105125 23065.3
66 11 0.0651922 0.115119 6465.72
66 12 0.0651922 0.125099 12250.6
66 13 0.0651922 0.135096 8613.19
66 14 0.0651922 0.145096 5768.5
66 61 0.0651922 0.0157673 83646.4
66 62 0.0651922 0.0254842 298617
66 63 0.0651922 0.0353452 304719
66 64 0.0651922 0.0452647 266688
66 65 0.0651922 0.0552107 629401
66 66 0.0651922 0.0651922 1.89827e+06
66 67 0.0651922 0.0751594 475085
66 68 0.0651922 0.0851518 83426.1
66 69 0.0651922 0.095133 44510.3
66 70 0.0651922 0.105125 72582.3
66 71 0.0651922 0.115119 42837.8
66 72 0.0651922 0.125099 45277.3
66 73 0.0651922 0.135096 52668.4
66 74 0.0651922 0.145096 42052.8
66 121 0.0651922 0.0157673 -33865.5
66 122 0.0651922 0.0254842 -88200.9
66 123 0.0651922 0.0353452 310930
66 124 0.0651922 0.0452647 171475
66 125 0.0651922 0.0552107 256194
66 126 0.0651922 0.0651922 463594
66 127 0.0651922 0.0751594 271041
66 128 0.0651922 0.0851518 88722.9
66 129 0.0651922 0.095133 53375.3
67 1 0.0751594 0.0157673 55716.3
67 2 0.0751594 0.0254842 107630
67 3 0.0751594 0.0353452 64021.2
67 4 0.0751594 0.0452647 -9406.2
67 5 0.0751594 0.0552107 27636.9
67 6 0.0751594 0.0651922 70725.8
67 7 0.0751594 0.0751594 84069.8
67 8 0.0751594 0.0851518 60883.3
67 9 0.0751594 0.095133 22212.3
67 10 0.0751594 0.105125 24508.9
67 11 0.0751594 0.115119 15951.2
67 12 0.0751594 0.125099 8534.67
67 13 0.0751594 0.135096 10117.5
67 14 0.0751594 0.145096 7789.02
67 61 0.0751594 0.0157673 509180
67 62 0.0751594 0.0254842 398282
67 63 0.0751594 0.0353452 69974
67 64 0.0751594 0.0452647 138266
67 65 0.0751594 0.0552107 92600.9
67 66 0.0751594 0.0651922 475085
67 67 0.0751594 0.0751594 1.16164e+06
67 68 0.0751594 0.0851518 252947
67 69 0.0751594 0.095133 65288.1
67 70 0.0751594 0.105125 57956.7
67 71 0.0751594 0.115119 29513.8
67 72 0.0751594 0.125099 44347.8
67 73 0.0751594 0.135096 31973.7
67 74 0.0751594 0.145096 34660
67 121 0.0751594 0.0157673 626607
67 122 0.0751594 0.0254842 181590
67 123 0.0751594 0.0353452 149526
67 124 0.0751594 0.0452647 36836.5
67 125 0.0751594 0.0552107 69589
67 126 0.0751594 0.0651922 176405
67 127 0.0751594 0.0751594 298946
67 128 0.0751594 0.0851518 155624
67 129 0.0751594 0.095133 51467.4
68 1 0.0851518 0.0157673 78674.1
68 2 0.0851518 0.0254842 68553.7
68 3 0.0851518 0.0353452 27552.2
68 4 0.0851518 0.0452647 -1383.35
68 5 0.0851518 0.0552107 5664.21
68 6 0.0851518 0.0651922 8177.44
68 7 0.0851518 0.0751594 58354.9
68 8 0.0851518 0.0851518 56520.7
68 9 0.0851518 0.095133 33389.3
68 10 0.0851518 0.105125 17288
68 11 0.0851518 0.115119 12692.2
68 12 0.0851518 0.125099 5970.42
68 13 0.0851518 0.135096 6806.67
68 14 0.0851518 0.145096 7936.14
68 61 0.0851518 0.0157673 395818
68 62 0.0851518 0.0254842 42180
68 63 0.0851518 0.0353452 -84826.9
68 64 0.0851518 0.0452647 23390.6
68 65 0.0851518 0.0552107 31537.4
68 66 0.0851518 0.0651922 83426.1
68 67 0.0851518 0.0751594 252947
68 68 0.0851518 0.0851518 663178
68 69 0.0851518 0.095133 147531
68 70 0.0851518 0.105125 33764.9
68 71 0.0851518 0.115119 26362.8
68 72 0.0851518 0.125099 24915.7
68 73 0.0851518 0.135096 18754.8
68 74 0.0851518 0.145096 20838.4
68 121 0.0851518 0.0157673 699252
68 122 0.0851518 0.0254842 117038
68 123 0.0851518 0.0353452 -61051.1
68 124 0.0851518 0.0452647 -110199
68 125 0.0851518 0.0552107 -964.044
68 126 0.0851518 0.0651922 29167
68 127 0.0851518 0.0751594 79990.7
68 128 0.0851518 0.0851518 152558
68 129 0.0851518 0.095133 86708.9
69 1 0.095133 0.0157673 113046
69 2 0.095133 0.0254842 -10759.1
69 3 0.095133 0.0353452 72866.9
69 4 0.095133 0.0452647 41391.5
69 5 0.095133 0.0552107 25297
69 6 0.095133 0.0651922 29532.2
69 7 0.095133 0.0751594 31346.6
69 8 0.095133 0.0851518 37710.6
69 9 0.095133 0.095133 26334.5
69 10 0.095133 0.105125 25418.1
69 11 0.095133 0.115119 12210.4
69 12 0.095133 0.125099 8644.78
69 13 0.095133 0.135096 4597.8
69 14 0.095133 0.145096 5627.24
69 61 0.095133 0.0157673 64428.9
69 62 0.095133 0.0254842 161124
69 63 0.095133 0.0353452 129208
69 64 0.095133 0.0452647 63159
69 65 0.095133 0.0552107 58100.2
69 66 0.095133 0.0651922 44510.3
69 67 0.095133 0.0751594 65288.1
69 68 0.095133 0.0851518 147531
69 69 0.095133 0.095133 404758
69 70 0.095133 0.105125 97789.3
69 71 0.095133 0.115119 29967.9
69 72 0.095133 0.125099 23048.4
69 73 0.095133 0.135096 14549.9
69 74 0.095133 0.145096 18547.7
69 121 0.095133 0.0157673 238259
69 122 0.095133 0.0254842 160944
69 123 0.095133 0.0353452 16171.6
69 124 0.095133 0.0452647 13219.8
69 125 0.095133 0.0552107 19635.8
69 126 0.095133 0.0651922 11202.4
69 127 0.095133 0.0751594 11321.3
69 128 0.095133 0.0851518 68413.5
69 129 0.095133 0.095133 70364.3
70 1 0.105125 0.0157673 46655.6
70 2 0.105125 0.0254842 -8319.8
70 3 0.105125 0.0353452 32913.7
70 4 0.105125 0.0452647 25651.3
70 5 0.105125 0.0552107 8429.53
70 6 0.105125 0.0651922 23906.5
70 7 0.105125 0.0751594 21382.2
70 8 0.105125 0.0851518 14301.3
70 9 0.105125 0.095133 19227.7
70 10 0.105125 0.105125 21604.1
70 11 0.105125 0.115119 12735.4
70 12 0.105125 0.125099 7709.46
70 13 0.105125 0.135096 5263.53
70 14 0.105125 0.145096 6811.3
70 61 0.105125 0.0157673 275734
70 62 0.105125 0.0254842 172731
70 63 0.105125 0.0353452 77610.9
70 64 0.105125 0.0452647 87055.3
70 65 0.105125 0.0552107 38663.3
70 66 0.105125 0.0651922 72582.3
70 67 0.105125 0.0751594 57956.7
70 68 0.105125 0.0851518 33764.9
70 69 0.105125 0.095133 97789.3
70 70 0.105125 0.105125 277568
70 71 0.105125 0.115119 74558.7
70 72 0.105125 0.125099 16826.3
70 73 0.105125 0.135096 14352.4
70 74 0.105125 0.145096 18226.8
70 121 0.105125 0.0157673 -24738.5
70 122 0.105125 0.0254842 -46454.4
70 123 0.105125 0.0353452 78812
70 124 0.105125 0.0452647 34289.9
70 125 0.105125 0.0552107 -346.96
70 126 0.105125 0.0651922 19314
70 127 0.105125 0.0751594 5694.57
70 128 0.105125 0.0851518 11413.7
70 129 0.105125 0.095133 29991.7
71 1 0.115119 0.0157673 26739.8
71 2 0.115119 0.0254842 69046.5
71 3 0.115119 0.0353452 45342.1
71 4 0.115119 0.0452647 49363.6
71 5 0.115119 0.0552107 19756.3
71 6 0.115119 0.0651922 20241.7
71 7 0.115119 0.0751594 21718.7
71 8 0.115119 0.0851518 12880.2
71 9 0.115119 0.095133 8225.97
71 10 0.115119 0.105125 15666.5
71 11 0.115119 0.115119 16096.3
71 12 0.115119 0.125099 9178.8
71 13 0.115119 0.135096 5243.96
71 14 0.115119 0.145096 5942.91
71 61 0.115119 0.0157673 177095
71 62 0.115119 0.0254842 97417.3
71 63 0.115119 0.0353452 139299
71 64 0.115119 0.0452647 99208.2
71 65 0.115119 0.0552107 78689.7
71 66 0.115119 0.0651922 42837.8
71 67 0.115119 0.0751594 29513.8
71 68 0.115119 0.0851518 26362.8
71 69 0.115119 0.095133 29967.9
71 70 0.115119 0.105125 74558.7
71 71 0.115119 0.115119 198498
71 72 0.115119 0.125099 48259.7
71 73 0.115119 0.135096 15170.1
71 74 0.115119 0.145096 16010.1
71 121 0.115119 0.0157673 -11053.8
71 122 0.115119 0.0254842 65608.4
71 123 0.115119 0.0353452 159692
71 124 0.115119 0.0452647 51614.6
71 125 0.115119 0.0552107 24646.1
71 126 0.115119 0.0651922 20344.7
71 127 0.115119 0.0751594 -9057.13
71 128 0.115119 0.0851518 879.772
71 129 0.115119 0.095133 -476.651
72 1 0.125099 0.0157673 -5953.7
72 2 0.125099 0.0254842 35621.2
72 3 0.125099 0.0353452 20384.9
72 4 0.125099 0.0452647 40083.1
72 5 0.125099 0.0552107 19671.5
72 6 0.125099 0.0651922 19594.9
72 7 0.125099 0.0751594 16865.6
72 8 0.125099 0.0851518 12635.3
72 9 0.125099 0.095133 9640.34
72 10 0.125099 0.105125 8088.38
72 11 0.125099 0.115119 11536.9
72 12 0.125099 0.125099 9221
72 13 0.125099 0.135096 6451.37
72 14 0.125099 0.145096 5169.23
72 61 0.125099 0.0157673 -47578.4
72 62 0.125099 0.0254842 76352
72 63 0.125099 0.0353452 67046.6
72 64 0.125099 0.0452647 43761.5
72 65 0.125099 0.0552107 57808.2
72 66 0.125099 0.0651922 45277.3
72 67 0.125099 0.0751594 44347.8
72 68 0.125099 0.0851518 24915.7
72 69 0.125099 0.095133 23048.4
72 70 0.125099 0.105125 16826.3
72 71 0.125099 0.115119 48259.7
72 72 0.125099 0.125099 140044
72 73 0.125099 0.135096 32854.7
72 74 0.125099 0.145096 14407.8
72 121 0.125099 0.0157673 97.5877
72 122 0.125099 0.0254842 16549
72 123 0.125099 0.0353452 -17019.6
72 124 0.125099 0.0452647 37003
72 125 0.125099 0.0552107 49973.3
72 126 0.125099 0.0651922 50796.8
72 127 0.125099 0.0751594 25011.9
72 128 0.125099 0.0851518 21849
72 129 0.125099 0.095133 2495.4
73 1 0.135096 0.0157673 5685.73
73 2 0.135096 0.0254842 7913.96
73 3 0.135096 0.0353452 25270.3
73 4 0.135096 0.0452647 19286.8
73 5 0.135096 0.0552107 18855.6
73 6 0.135096 0.0651922 18311.9
73 7 0.135096 0.0751594 12763.4
73 8 0.135096 0.0851518 9276.88
73 9 0.135096 0.095133 5878.61
73 10 0.135096 0.105125 2832.09
73 11 0.135096 0.115119 4976.82
73 12 0.135096 0.125099 6921.08
73 13 0.135096 0.135096 6600.77
73 14 0.135096 0.145096 6136.71
73 61 0.135096 0.0157673 129773
73 62 0.135096 0.0254842 4541.61
73 63 0.135096 0.0353452 79591.8
73 64 0.135096 0.0452647 89196
73 65 0.135096 0.0552107 40909.9
73 66 0.135096 0.0651922 52668.4
73 67 0.135096 0.0751594 31973.7
73 68 0.135096 0.0851518 18754.8
73 69 0.135096 0.095133 14549.9
73 70 0.135096 0.105125 14352.4
73 71 0.135096 0.115119 15170.1
73 72 0.135096 0.125099 32854.7
73 73 0.135096 0.135096 104232
73 74 0.135096 0.145096 27875.5
73 121 0.135096 0.0157673 106921
73 122 0.135096 0.0254842 49659.1
73 123 0.135096 0.0353452 -9742.36
73 124 0.135096 0.0452647 30999.7
73 125 0.135096 0.0552107 41525.8
73 126 0.135096 0.0651922 33427.5
73 127 0.135096 0.0751594 19019.2
73 128 0.135096 0.0851518 4238.23
73 129 0.135096 0.095133 4524.34
74 1 0.145096 0.0157673 28847
74 2 0.145096 0.0254842 25440.7
74 3 0.145096 0.0353452 32539.5
74 4 0.145096 0.0452647 11962.7
74 5 0.145096 0.0552107 9978.79
74 6 0.145096 0.0651922 14800.8
74 7 0.145096 0.0751594 16132.6
74 8 0.145096 0.0851518 10115.8
74 9 0.145096 0.095133 1904.7
74 10 0.145096 0.105125 5032.5
74 11 0.145096 0.115119 4480.44
74 12 0.145096 0.125099 3291.38
74 13 0.145096 0.135096 5657.24
74 14 0.145096 0.145096 4636.75
74 61 0.145096 0.0157673 -54558.7
74 62 0.145096 0.0254842 54993.4
74 63 0.145096 0.0353452 48307.6
74 64 0.145096 0.0452647 51117.6
74 65 0.145096 0.0552107 57112.7
74 66 0.145096 0.0651922 42052.8
74 67 0.145096 0.0751594 34660
74 68 0.145096 0.0851518 20838.4
74 69 0.145096 0.095133 18547.7
74 70 0.145096 0.105125 18226.8
74 71 0.145096 0.115119 16010.1
74 72 0.145096 0.125099 14407.8
74 73 0.145096 0.135096 27875.5
74 74 0.145096 0.145096 82188.6
74 121 0.145096 0.0157673 77807.1
74 122 0.145096 0.0254842 35543.3
74 123 0.145096 0.0353452 44120.5
74 124 0.145096 0.0452647 46753.1
74 125 0.145096 0.0552107 30382.1
74 126 0.145096 0.0651922 22269.2
74 127 0.145096 0.0751594 17348
74 128 0.145096 0.0851518 11884.3
74 129 0.145096 0.095133 7889.03
121 1 0.0157673 0.0157673 1.37261e+06
121 2 0.0157673 0.0254842 2.13793e+06
121 3 0.0157673 0.0353452 539908
121 4 0.0157673 0.0452647 295206
121 5 0.0157673 0.0552107 -158952
121 6 0.0157673 0.0651922 -84633.2
121 7 0.0157673 0.0751594 -35083.4
121 8 0.0157673 0.0851518 64799.2
121 9 0.0157673 0.095133 -19447.9
121 10 0.0157673 0.105125 -94946.3
121 11 0.0157673 0.115119 30969.1
121 12 0.0157673 0.125099 3316.75
121 13 0.0157673 0.135096 10348.4
121 14 0.0157673 0.145096 -30194.8
121 61 0.0157673 0.0157673 4.32763e+07
121 62 0.0157673 0.0254842 3.84673e+06
121 63 0.0157673 0.0353452 126090
121 64 0.0157673 0.0452647 48554.6
121 65 0.0157673 0.0552107 310572
121 66 0.0157673 0.0651922 -33865.5
121 67 0.0157673 0.0751594 626607
121 68 0.0157673 0.0851518 699252
121 69 0.0157673 0.095133 238259
121 70 0.0157673 0.105125 -24738.5
121 71 0.0157673 0.115119 -11053.8
121 72 0.0157673 0.125099 97.5877
121 73 0.0157673 0.135096 106921
121 74 0.0157673 0.145096 77807.1
121 121 0.0157673 0.0157673 1.52029e+08
121 122 0.0157673 0.0254842 2.80645e+07
121 123 0.0157673 0.0353452 1.34388e+06
121 124 0.0157673 0.0452647 1.53433e+06
121 125 0.0157673 0.0552107 1.12285e+06
121 126 0.0157673 0.0651922 560378
121 127 0.0157673 0.0751594 154529
121 128 0.0157673 0.0851518 -105070
121 129 0.0157673 0.095133 427594
122 1 0.0254842 0.0157673 771304
122 2 0.0254842 0.0254842 631270
122 3 0.0254842 0.0353452 509159
122 4 0.0254842 0.0452647 -61637.9
122 5 0.0254842 0.0552107 -30648.2
122 6 0.0254842 0.0651922 -93541
122 7 0.0254842 0.0751594 -20958.1
122 8 0.0254842 0.0851518 138223
122 9 0.0254842 0.095133 -39890.5
122 10 0.0254842 0.105125 -39538.3
122 11 0.0254842 0.115119 41245.2
122 12 0.0254842 0.125099 66381.5
122 13 0.0254842 0.135096 30310
122 14 0.0254842 0.145096 -27220.3
122 61 0.0254842 0.0157673 1.77119e+07
122 62 0.0254842 0.0254842 1.18332e+07
122 63 0.0254842 0.0353452 2.0012e+06
122 64 0.0254842 0.0452647 -379496
122 65 0.0254842 0.0552107 86373.4
122 66 0.0254842 0.0651922 -88200.9
122 67 0.0254842 0.0751594 181590
122 68 0.0254842 0.0851518 117038
122 69 0.0254842 0.095133 160944
122 70 0.0254842 0.105125 -46454.4
122 71 0.0254842 0.115119 65608.4
122 72 0.0254842 0.125099 16549
122 73 0.0254842 0.135096 49659.1
122 74 0.0254842 0.145096 35543.3
122 121 0.0254842 0.0157673 2.80645e+07
122 122 0.0254842 0.0254842 6.57234e+07
122 123 0.0254842 0.0353452 8.917e+06
122 124 0.0254842 0.0452647 697863
122 125 0.0254842 0.0552107 4442.48
122 126 0.0254842 0.0651922 123253
122 127 0.0254842 0.0751594 424377
122 128 0.0254842 0.0851518 -58296.9
122 129 0.0254842 0.095133 -338247
123 1 0.0353452 0.0157673 297431
123 2 0.0353452 0.0254842 172529
123 3 0.0353452 0.0353452 71652.3
123 4 0.0353452 0.0452647 -30532.5
123 5 0.0353452 0.0552107 154577
123 6 0.0353452 0.0651922 69463.6
123 7 0.0353452 0.0751594 2401.26
123 8 0.0353452 0.0851518 -3721.9
123 9 0.0353452 0.095133 -5068.24
123 10 0.0353452 0.105125 27319.4
123 11 0.0353452 0.115119 -1727.62
123 12 0.0353452 0.125099 9826.07
123 13 0.0353452 0.135096 -15083.4
123 14 0.0353452 0.145096 -8386.11
123 61 0.0353452 0.0157673 1.17796e+06
123 62 0.0353452 0.0254842 4.96165e+06
123 63 0.0353452 0.0353452 3.96339e+06
123 64 0.0353452 0.0452647 922318
123 65 0.0353452 0.0552107 -88700.4
123 66 0.0353452 0.0651922 310930
123 67 0.0353452 0.0751594 149526
123 68 0.0353452 0.0851518 -61051.1
123 69 0.0353452 0.095133 16171.6
123 70 0.0353452 0.105125 78812
123 71 0.0353452 0.115119 159692
123 72 0.0353452 0.125099 -17019.6
123 73 0.0353452 0.135096 -9742.36
123 74 0.0353452 0.145096 44120.5
123 121 0.0353452 0.0157673 1.34388e+06
123 122 0.0353452 0.0254842 8.917e+06
123 123 0.0353452 0.0353452 2.45966e+07
123 124 0.0353452 0.0452647 4.70849e+06
123 125 0.0353452 0.0552107 145084
123 126 0.0353452 0.0651922 222534
123 127 0.0353452 0.0751594 198782
123 128 0.0353452 0.0851518 182622
123 129 0.0353452 0.095133 3443.59
124 1 0.0452647 0.0157673 666234
124 2 0.0452647 0.0254842 84129.1
124 3 0.0452647 0.0353452 31658.1
124 4 0.0452647 0.0452647 98263.2
124 5 0.0452647 0.0552107 135247
124 6 0.0452647 0.0651922 22399.4
124 7 0.0452647 0.0751594 -40331.7
124 8 0.0452647 0.0851518 16512.9
124 9 0.0452647 0.095133 19179.8
124 10 0.0452647 0.105125 3843.24
124 11 0.0452647 0.115119 22768.8
124 12 0.0452647 0.125099 21131.6
124 13 0.0452647 0.135096 6024.82
124 14 0.0452647 0.145096 3907.81
124 61 0.0452647 0.0157673 440208
124 62 0.0452647 0.0254842 954680
124 63 0.0452647 0.0353452 2.2955e+06
124 64 0.0452647 0.0452647 2.14068e+06
124 65 0.0452647 0.0552107 547836
124 66 0.0452647 0.0651922 171475
124 67 0.0452647 0.0751594 36836.5
124 68 0.0452647 0.0851518 -110199
124 69 0.0452647 0.095133 13219.8
124 70 0.0452647 0.105125 34289.9
124 71 0.0452647 0.115119 51614.6
124 72 0.0452647 0.125099 37003
124 73 0.0452647 0.135096 30999.7
124 74 0.0452647 0.145096 46753.1
124 121 0.0452647 0.0157673 1.53433e+06
124 122 0.0452647 0.0254842 697863
124 123 0.0452647 0.0353452 4.70849e+06
124 124 0.0452647 0.0452647 1.15087e+07
124 125 0.0452647 0.0552107 1.98592e+06
124 126 0.0452647 0.0651922 107290
124 127 0.0452647 0.0751594 -6201.04
124 128 0.0452647 0.0851518 113573
124 129 0.0452647 0.095133 84091.9
125 1 0.0552107 0.0157673 194237
125 2 0.0552107 0.0254842 191453
125 3 0.0552107 0.0353452 -6613.38
125 4 0.0552107 0.0452647 -38331.8
125 5 0.0552107 0.0552107 53619
125 6 0.0552107 0.0651922 7271.19
125 7 0.0552107 0.0751594 -9632.04
125 8 0.0552107 0.0851518 20325.6
125 9 0.0552107 0.095133 -7073.55
125 10 0.0552107 0.105125 5483.82
125 11 0.0552107 0.115119 15375
125 12 0.0552107 0.125099 8597.99
125 13 0.0552107 0.135096 12899.9
125 14 0.0552107 0.145096 10661.5
125 61 0.0552107 0.0157673 683055
125 62 0.0552107 0.0254842 720953
125 63 0.0552107 0.0353452 868347
125 64 0.0552107 0.0452647 915307
125 65 0.0552107 0.0552107 777283
125 66 0.0552107 0.0651922 256194
125 67 0.0552107 0.0751594 69589
125 68 0.0552107 0.0851518 -964.044
125 69 0.0552107 0.095133 19635.8
125 70 0.0552107 0.105125 -346.96
125 71 0.0552107 0.115119 24646.1
125 72 0.0552107 0.125099 49973.3
125 73 0.0552107 0.135096 41525.8
125 74 0.0552107 0.145096 30382.1
125 121 0.0552107 0.0157673 1.12285e+06
125 122 0.0552107 0.0254842 4442.48
125 123 0.0552107 0.0353452 145084
125 124 0.0552107 0.0452647 1.98592e+06
125 125 0.0552107 0.0552107 5.2253e+06
125 126 0.0552107 0.0651922 1.05421e+06
125 127 0.0552107 0.0751594 172075
125 128 0.0552107 0.0851518 111334
125 129 0.0552107 0.095133 82509
126 1 0.0651922 0.0157673 217626
126 2 0.0651922 0.0254842 256431
126 3 0.0651922 0.0353452 44688.4
126 4 0.0651922 0.0452647 32304.6
126 5 0.0651922 0.0552107 25145
126 6 0.0651922 0.0651922 33397.6
126 7 0.0651922 0.0751594 19863.7
126 8 0.0651922 0.0851518 8711.62
126 9 0.0651922 0.095133 10951.8
126 10 0.0651922 0.105125 16091.2
126 11 0.0651922 0.115119 14499
126 12 0.0651922 0.125099 2320.04
126 13 0.0651922 0.135096 7673.69
126 14 0.0651922 0.145096 7251.95
126 61 0.0651922 0.0157673 -177934
126 62 0.0651922 0.0254842 519265
126 63 0.0651922 0.0353452 74518.8
126 64 0.0651922 0.0452647 157965
126 65 0.0651922 0.0552107 388600
126 66 0.0651922 0.0651922 463594
126 67 0.0651922 0.0751594 176405
126 68 0.0651922 0.0851518 29167
126 69 0.0651922 0.095133 11202.4
126 70 0.0651922 0.105125 19314
126 71 0.0651922 0.115119 20344.7
126 72 0.0651922 0.125099 50796.8
126 73 0.0651922 0.135096 33427.5
126 74 0.0651922 0.145096 22269.2
126 121 0.0651922 0.0157673 560378
126 122 0.0651922 0.0254842 123253
126 123 0.0651922 0.0353452 222534
126 124 0.0651922 0.0452647 107290
126 125 0.0651922 0.0552107 1.05421e+06
126 126 0.0651922 0.0651922 3.17558e+06
126 127 0.0651922 0.0751594 776638
126 128 0.0651922 0.0851518 154080
126 129 0.0651922 0.095133 30892.6
127 1 0.0751594 0.0157673 267333
127 2 0.0751594 0.0254842 -7208.74
127 3 0.0751594 0.0353452 17450.1
127 4 0.0751594 0.0452647 16147.7
127 5 0.0751594 0.0552107 12826.4
127 6 0.0751594 0.0651922 -1694.74
127 7 0.0751594 0.0751594 4084.26
127 8 0.0751594 0.0851518 -6151.34
127 9 0.0751594 0.095133 13524.9
127 10 0.0751594 0.105125 9225.68
127 11 0.0751594 0.115119 -167.946
127 12 0.0751594 0.125099 -2719.23
127 13 0.0751594 0.135096 -265.218
127 14 0.0751594 0.145096 -1005.58
127 61 0.0751594 0.0157673 722001
127 62 0.0751594 0.0254842 278165
127 63 0.0751594 0.0353452 -3334.2
127 64 0.0751594 0.0452647 150392
127 65 0.0751594 0.0552107 47437.5
127 66 0.0751594 0.0651922 271041
127 67 0.0751594 0.0751594 298946
127 68 0.0751594 0.0851518 79990.7
127 69 0.0751594 0.095133 11321.3
127 70 0.0751594 0.105125 5694.57
127 71 0.0751594 0.115119 -9057.13
127 72 0.0751594 0.125099 25011.9
127 73 0.0751594 0.135096 19019.2
127 74 0.0751594 0.145096 17348
127 121 0.0751594 0.0157673 154529
127 122 0.0751594 0.0254842 424377
127 123 0.0751594 0.0353452 198782
127 124 0.0751594 0.0452647 -6201.04
127 125 0.0751594 0.0552107 172075
127 126 0.0751594 0.0651922 776638
127 127 0.0751594 0.0751594 1.91234e+06
127 128 0.0751594 0.0851518 384232
127 129 0.0751594 0.095133 41623.4
128 1 0.0851518 0.0157673 108842
128 2 0.0851518 0.0254842 -39049.1
128 3 0.0851518 0.0353452 -11985.3
128 4 0.0851518 0.0452647 -25483.8
128 5 0.0851518 0.0552107 31118.6
128 6 0.0851518 0.0651922 24549.1
128 7 0.0851518 0.0751594 11152.5
128 8 0.0851518 0.0851518 16340.9
128 9 0.0851518 0.095133 15196.9
128 10 0.0851518 0.105125 7601.67
128 11 0.0851518 0.115119 -8742.93
128 12 0.0851518 0.125099 3831.49
128 13 0.0851518 0.135096 1057.12
128 14 0.0851518 0.145096 7154.3
128 61 0.0851518 0.0157673 175052
128 62 0.0851518 0.0254842 -127741
128 63 0.0851518 0.0353452 -121911
128 64 0.0851518 0.0452647 -43012
128 65 0.0851518 0.0552107 9177.17
128 66 0.0851518 0.0651922 88722.9
128 67 0.0851518 0.0751594 155624
128 68 0.0851518 0.0851518 152558
128 69 0.0851518 0.095133 68413.5
128 70 0.0851518 0.105125 11413.7
128 71 0.0851518 0.115119 879.772
128 72 0.0851518 0.125099 21849
128 73 0.0851518 0.135096 4238.23
128 74 0.0851518 0.145096 11884.3
128 121 0.0851518 0.0157673 -105070
128 122 0.0851518 0.0254842 -58296.9
128 123 0.0851518 0.0353452 182622
128 124 0.0851518 0.0452647 113573
128 125 0.0851518 0.0552107 111334
128 126 0.0851518 0.0651922 154080
128 127 0.0851518 0.0751594 384232
128 128 0.0851518 0.0851518 1.14138e+06
128 129 0.0851518 0.095133 220008
129 1 0.095133 0.0157673 -14053.7
129 2 0.095133 0.0254842 14962
129 3 0.095133 0.0353452 -2603.78
129 4 0.095133 0.0452647 -15416.1
129 5 0.095133 0.0552107 12286.4
129 6 0.095133 0.0651922 13028.1
129 7 0.095133 0.0751594 -37.4157
129 8 0.095133 0.0851518 10629.3
129 9 0.095133 0.095133 1119.47
129 10 0.095133 0.105125 5301.29
129 11 0.095133 0.115119 1210.54
129 12 0.095133 0.125099 584.756
129 13 0.095133 0.135096 -1228.58
129 14 0.095133 0.145096 2801.01
129 61 0.095133 0.0157673 181114
129 62 0.095133 0.0254842 -3380.79
129 63 0.095133 0.0353452 30730.6
129 64 0.095133 0.0452647 9846.44
129 65 0.095133 0.0552107 75575.9
129 66 0.095133 0.0651922 53375.3
129 67 0.095133 0.0751594 51467.4
129 68 0.095133 0.0851518 86708.9
129 69 0.095133 0.095133 70364.3
129 70 0.095133 0.105125 29991.7
129 71 0.095133 0.115119 -476.651
129 72 0.095133 0.125099 2495.4
129 73 0.095133 0.135096 4524.34
129 74 0.095133 0.145096 7889.03
129 121 0.095133 0.0157673 427594
129 122 0.095133 0.0254842 -338247
129 123 0.095133 0.0353452 3443.59
129 124 0.095133 0.0452647 84091.9
129 125 0.095133 0.0552107 82509
129 126 0.095133 0.0651922 30892.6
129 127 0.095133 0.0751594 41623.4
129 128 0.095133 0.0851518 220008
129 129 0.095133 0.095133 648261
