#Interval: 1.500000 Mpc/h
# z <nobs> <wc nobs> <wc wfkp nobs>
0.430325 0.0001000836426180 0.0001042676707964 0.0000349576161161
0.430956 0.0001046003333842 0.0001072928583065 0.0000354565540835
0.431592 0.0001019474404062 0.0001066862543227 0.0000347572883656
0.432206 0.0001111868607453 0.0001146614791392 0.0000368502070767
0.432842 0.0001123213902365 0.0001157166896590 0.0000364440626750
0.433482 0.0001103770985020 0.0001160834712734 0.0000356455779786
0.434127 0.0001056135203496 0.0001092645178722 0.0000327342829066
0.434753 0.0001107498809047 0.0001145362111850 0.0000335094933533
0.435382 0.0001308696242922 0.0001369204176103 0.0000391430894736
0.436005 0.0001352123084452 0.0001427195614698 0.0000398892079777
0.436657 0.0001392989636027 0.0001447245502224 0.0000395395772669
0.437300 0.0001270728560094 0.0001312413221148 0.0000350710477744
0.437930 0.0001332478039563 0.0001387335455170 0.0000361797302391
0.438562 0.0001319813191353 0.0001397206173688 0.0000355205605291
0.439191 0.0001542783306476 0.0001606007936904 0.0000398372930480
0.439830 0.0001568800988619 0.0001639695330172 0.0000396883156579
0.440473 0.0001599276909337 0.0001657402257608 0.0000391631337669
0.441119 0.0001618133020567 0.0001698447946687 0.0000391957759117
0.441739 0.0001691756037261 0.0001767575962665 0.0000398975633334
0.442387 0.0001810607911679 0.0001894179971515 0.0000418024118453
0.443007 0.0001856065775525 0.0001934488542447 0.0000418120764496
0.443652 0.0001776501799803 0.0001904615398622 0.0000403160079034
0.444286 0.0001939486616216 0.0002047140332735 0.0000424560975342
0.444923 0.0001846557051250 0.0001954279527656 0.0000397315888730
0.445565 0.0001965751040236 0.0002061143062126 0.0000410819663019
0.446200 0.0001826043163670 0.0001917923815538 0.0000375068143761
0.446841 0.0002011890911798 0.0002119098921790 0.0000406610921337
0.447486 0.0002203504683435 0.0002291798790786 0.0000431712944845
0.448128 0.0002202441324249 0.0002340880040197 0.0000433989829542
0.448761 0.0002223612502961 0.0002351197339496 0.0000429294951870
0.449408 0.0002428769459341 0.0002550429825638 0.0000458538573063
0.450029 0.0002471381391495 0.0002583449298995 0.0000457793479366
0.450683 0.0002480668264124 0.0002634107786909 0.0000459823809746
0.451336 0.0002393035026759 0.0002542281448582 0.0000437231840542
0.451969 0.0002472728202021 0.0002629667164043 0.0000445902254681
0.452607 0.0002514778304013 0.0002660568356080 0.0000445586435705
0.453241 0.0002445170064390 0.0002539114632677 0.0000422426286495
0.453880 0.0002439111059268 0.0002581619216873 0.0000426837102692
0.454530 0.0002450469181959 0.0002584825918568 0.0000424660343461
0.455164 0.0002568042478513 0.0002675121551440 0.0000436829595676
0.455813 0.0002460013360223 0.0002573324480534 0.0000417595414317
0.456456 0.0002607184470899 0.0002737909190296 0.0000441597151728
0.457103 0.0002583540176618 0.0002712093988154 0.0000434764315734
0.457740 0.0002602957392263 0.0002760901747884 0.0000438832967770
0.458386 0.0002626556157247 0.0002793452957682 0.0000438452332511
0.459022 0.0002692773711990 0.0002832014960276 0.0000439081419175
0.459674 0.0002711757357962 0.0002867864619362 0.0000439116434966
0.460324 0.0002864619998343 0.0003029761208908 0.0000458231558015
0.460948 0.0002685778171250 0.0002823514951228 0.0000422108614768
0.461590 0.0002837942040428 0.0002995358927001 0.0000442528846072
0.462247 0.0002826798983745 0.0002974073675981 0.0000434157252725
0.462882 0.0003133705497297 0.0003313480371312 0.0000478564471864
0.463535 0.0002953811367574 0.0003084222934012 0.0000440845366310
0.464174 0.0003019985744453 0.0003216924128045 0.0000455210080520
0.464827 0.0003006384730591 0.0003150137368798 0.0000441233762728
0.465472 0.0002817650089977 0.0002972807652738 0.0000412272882484
0.466123 0.0003081300719600 0.0003286373492800 0.0000451251707422
0.466772 0.0003090454226080 0.0003271711312539 0.0000444838739814
0.467421 0.0003188586482198 0.0003411766066707 0.0000459292978531
0.468055 0.0003189157044990 0.0003368736154061 0.0000448003285355
0.468712 0.0003323650679203 0.0003492459949351 0.0000458378319855
0.469349 0.0003404042665035 0.0003601482721580 0.0000466775971708
0.469997 0.0003410215528573 0.0003572776109507 0.0000457274026161
0.470642 0.0003500223369197 0.0003717021594438 0.0000469821773060
0.471293 0.0003436728802494 0.0003661275955561 0.0000457090988448
0.471948 0.0003424426442115 0.0003631425066824 0.0000447831007154
0.472595 0.0003655899742069 0.0003882368360378 0.0000473966272714
0.473244 0.0003545855118718 0.0003757042297170 0.0000457200939224
0.473901 0.0003503030409360 0.0003742436916105 0.0000454223845123
0.474542 0.0003720534704283 0.0003956084425110 0.0000478921652051
0.475187 0.0003657360314004 0.0003934122554380 0.0000475037671484
0.475840 0.0003311493639850 0.0003516221127916 0.0000423480597859
0.476493 0.0003635994070414 0.0003895950412412 0.0000467993413677
0.477145 0.0003569442924362 0.0003760603421450 0.0000450571706308
0.477795 0.0003690512345558 0.0003914073383757 0.0000467497179475
0.478441 0.0003594306575591 0.0003856984269795 0.0000458960488051
0.479092 0.0003708775338973 0.0003962467946579 0.0000469751827142
0.479743 0.0003731677051303 0.0003966943119301 0.0000468532477364
0.480407 0.0003628127374324 0.0003852788657003 0.0000453319467309
0.481048 0.0003664875754350 0.0003934264424944 0.0000461217111184
0.481699 0.0003815392121883 0.0004090942382398 0.0000477814470781
0.482360 0.0003710383846795 0.0003931027195798 0.0000457503908252
0.483010 0.0003705586153932 0.0003912679924658 0.0000455253017167
0.483660 0.0003765179464166 0.0004072415845052 0.0000474273681881
0.484313 0.0003781664871957 0.0003997074301560 0.0000465931200396
0.484961 0.0003648548111199 0.0003890000412379 0.0000453864145698
0.485615 0.0003717513204445 0.0003985719511848 0.0000465463831520
0.486280 0.0003751358024979 0.0004011658907163 0.0000468935265545
0.486921 0.0003682840957965 0.0003896665540440 0.0000455909616602
0.487581 0.0003760833941903 0.0004049375319215 0.0000473660220488
0.488243 0.0003694512215872 0.0003947791674715 0.0000459532582456
0.488894 0.0003718482578301 0.0003946629004920 0.0000457029715051
0.489549 0.0003667828995218 0.0003904378381855 0.0000449805250883
0.490202 0.0003731754226421 0.0003986190810367 0.0000456876850270
0.490856 0.0003867630326653 0.0004144094377681 0.0000472558388654
0.491502 0.0003760040177435 0.0004025645873458 0.0000456747456681
0.492167 0.0003757035817795 0.0004007270791754 0.0000452327777469
0.492833 0.0003740816869981 0.0004015901115335 0.0000451244551574
0.493480 0.0003988422294270 0.0004291211030066 0.0000480328705870
0.494138 0.0003936011993047 0.0004209132732846 0.0000469309649014
0.494792 0.0003925089588822 0.0004245796692059 0.0000471571423573
0.495451 0.0004062018782879 0.0004345921869799 0.0000480826197181
0.496115 0.0004080704676236 0.0004379041896290 0.0000482614081871
0.496762 0.0003974508871593 0.0004214664978814 0.0000462749755920
0.497432 0.0003748004831773 0.0004058280959149 0.0000443985766326
0.498088 0.0003917419377691 0.0004168258005191 0.0000455771771610
0.498746 0.0003980616134517 0.0004245926651296 0.0000464351927396
0.499407 0.0004015831830159 0.0004340935085825 0.0000474832190585
0.500064 0.0004159513925134 0.0004424502599501 0.0000484064044937
0.500723 0.0004047172369966 0.0004352510136037 0.0000476277691126
0.501381 0.0004102128535613 0.0004374324555534 0.0000478754467748
0.502043 0.0003970288868293 0.0004224658290868 0.0000462462213389
0.502703 0.0003983182808565 0.0004273471362470 0.0000468005429886
0.503364 0.0003815778173430 0.0004086142025334 0.0000447896579924
0.504021 0.0004063256869483 0.0004345436834976 0.0000476756509480
0.504694 0.0003861973677154 0.0004128828996582 0.0000453416893355
0.505359 0.0003959940403219 0.0004226430885154 0.0000464568188705
0.506017 0.0003931167494665 0.0004203633937851 0.0000462487406764
0.506674 0.0004005117124592 0.0004284169079715 0.0000471781197161
0.507335 0.0004001495957038 0.0004319213408257 0.0000476108293206
0.507996 0.0003827643966718 0.0004099474774947 0.0000452843580613
0.508665 0.0003910238585446 0.0004192933992291 0.0000464375102446
0.509331 0.0003913959972749 0.0004206817715311 0.0000467139290642
0.509984 0.0003990632547128 0.0004248326547939 0.0000472953404119
0.510660 0.0003843181135476 0.0004129018346775 0.0000460900553054
0.511315 0.0003916105871697 0.0004224766563622 0.0000472813072321
0.511984 0.0003909133766415 0.0004206526922290 0.0000472014930622
0.512643 0.0003856316478124 0.0004074135977976 0.0000458249435075
0.513306 0.0003717476451501 0.0004012750638918 0.0000452140600456
0.513968 0.0003912932701834 0.0004206452584262 0.0000474785492634
0.514645 0.0003809611484054 0.0004107164965724 0.0000464399229296
0.515307 0.0003989990082728 0.0004277994449313 0.0000484551831236
0.515974 0.0003927062115327 0.0004200457871276 0.0000476600036623
0.516643 0.0003702515911541 0.0003974386854111 0.0000451742228784
0.517296 0.0003800274744232 0.0004041315712184 0.0000460140779153
0.517963 0.0003784945319607 0.0004061336264329 0.0000463205627112
0.518628 0.0003733360922067 0.0003984318518339 0.0000455176960919
0.519301 0.0003738932843216 0.0004021872818467 0.0000460242835117
0.519972 0.0003708317642996 0.0004015444356157 0.0000460281186247
0.520638 0.0003658932193873 0.0003941509229014 0.0000452564689248
0.521300 0.0003666317941379 0.0003944152017822 0.0000453624679829
0.521977 0.0003762596539034 0.0003974632889225 0.0000457913354848
0.522649 0.0003694618073218 0.0003961598560604 0.0000457244860529
0.523314 0.0003931726562604 0.0004220784108030 0.0000488222229069
0.523982 0.0003712441183902 0.0003985921221994 0.0000462073961166
0.524651 0.0003841650516320 0.0004135620895884 0.0000480491373405
0.525321 0.0003643799675320 0.0003890158538415 0.0000452977700946
0.525992 0.0003676364392921 0.0003943773248410 0.0000460246432785
0.526663 0.0003515086692222 0.0003777918653776 0.0000441874178193
0.527333 0.0003720875639768 0.0003972000752174 0.0000465650179968
0.528001 0.0003593723720034 0.0003863274008065 0.0000454619816910
0.528672 0.0003764965811160 0.0004034311342059 0.0000476849638311
0.529347 0.0003783514935223 0.0004051175121938 0.0000480973670509
0.530005 0.0003735331983157 0.0003985730002423 0.0000475274143649
0.530688 0.0003579288453541 0.0003819715952676 0.0000457560060885
0.531365 0.0003611363366581 0.0003838890102419 0.0000461931115217
0.532031 0.0003613496185166 0.0003856901002820 0.0000466180645216
0.532708 0.0003615611389844 0.0003890558244120 0.0000472015248960
0.533374 0.0003436411585873 0.0003673119832169 0.0000446558119474
0.534044 0.0003552360291764 0.0003771473617471 0.0000459444124977
0.534713 0.0003488925240357 0.0003763115821306 0.0000459356391872
0.535397 0.0003455230395437 0.0003693894200114 0.0000451850839151
0.536077 0.0003560565194564 0.0003766870088311 0.0000461732963069
0.536741 0.0003453471085675 0.0003685461097724 0.0000452670595643
0.537427 0.0003420044329390 0.0003626731474679 0.0000446347099634
0.538095 0.0003579956660172 0.0003811921266981 0.0000469602805631
0.538769 0.0003591749287663 0.0003852334534036 0.0000474937472548
0.539446 0.0003582467139434 0.0003832367309255 0.0000472832761664
0.540122 0.0003408670992520 0.0003646174984344 0.0000450198660161
0.540793 0.0003515704283889 0.0003759241003905 0.0000464505617075
0.541466 0.0003379718600432 0.0003627655679353 0.0000448582604176
0.542143 0.0003528019159992 0.0003759210163658 0.0000465201330718
0.542827 0.0003501335457593 0.0003733103517072 0.0000463649830534
0.543508 0.0003361432343898 0.0003633805379250 0.0000454353479529
0.544182 0.0003515178358912 0.0003797407872809 0.0000477998997276
0.544852 0.0003442575593626 0.0003669373662569 0.0000464985429613
0.545536 0.0003367099895231 0.0003616578271800 0.0000461458735958
0.546205 0.0003299848578208 0.0003535073279769 0.0000454138417912
0.546889 0.0003427130174359 0.0003678703509103 0.0000475897362713
0.547564 0.0003396268548118 0.0003634170559100 0.0000473304754328
0.548245 0.0003286895387465 0.0003516323308920 0.0000460634541213
0.548927 0.0003124616099551 0.0003335205024019 0.0000439452258719
0.549606 0.0003102391866046 0.0003293901187733 0.0000436529457768
0.550285 0.0003025556455787 0.0003281316629197 0.0000437404544471
0.550971 0.0003195439168365 0.0003426761810920 0.0000459503118229
0.551649 0.0003115604424466 0.0003314402153363 0.0000447069395183
0.552326 0.0003067156489759 0.0003248069607003 0.0000440665671564
0.553019 0.0002915071271837 0.0003103083684187 0.0000422359791780
0.553691 0.0003246125578748 0.0003505256014719 0.0000478089241616
0.554371 0.0003282568605705 0.0003494761685584 0.0000477660491098
0.555052 0.0003186406659400 0.0003391135911991 0.0000464480489616
0.555732 0.0003106006468209 0.0003329710679580 0.0000457026903128
0.556413 0.0002986058192138 0.0003162864406625 0.0000435046543923
0.557100 0.0003001284197735 0.0003216080599781 0.0000443311972496
0.557784 0.0003063787263724 0.0003302539274120 0.0000455820997399
0.558464 0.0003092493603835 0.0003326835465948 0.0000459234048521
0.559144 0.0003168225256027 0.0003367270485441 0.0000464872891777
0.559836 0.0002973460461569 0.0003219312735297 0.0000444502077394
0.560521 0.0002977920678023 0.0003189600306441 0.0000440454110269
0.561201 0.0003091190227999 0.0003298792719252 0.0000455588788121
0.561880 0.0003185884791425 0.0003449172284649 0.0000476416113188
0.562567 0.0003015239122227 0.0003228107118395 0.0000446484970740
0.563253 0.0003090157967867 0.0003317091257729 0.0000461774638255
0.563942 0.0003052324216062 0.0003266950789502 0.0000458036371001
0.564624 0.0003061018366366 0.0003272308524365 0.0000462057719460
0.565311 0.0002965158300583 0.0003183821784514 0.0000452812523804
0.566000 0.0002981432467692 0.0003165314329049 0.0000453464995338
0.566676 0.0002966408444083 0.0003196562027774 0.0000461235052188
0.567360 0.0002909890949517 0.0003129125862729 0.0000454898382106
0.568055 0.0002903947054763 0.0003102640872331 0.0000455944416979
0.568742 0.0002729548923871 0.0002941919495871 0.0000437483680701
0.569431 0.0002750531455039 0.0002930095115709 0.0000440980031659
0.570116 0.0002672811427736 0.0002857392093138 0.0000435276333059
0.570813 0.0002533711552897 0.0002754962044482 0.0000424958671521
0.571500 0.0002607717352314 0.0002781929826626 0.0000434463943980
0.572186 0.0002592183134705 0.0002782360467654 0.0000440009767284
0.572877 0.0002594225244698 0.0002792902773636 0.0000445683534352
0.573560 0.0002600624551282 0.0002781040965162 0.0000446371249853
0.574257 0.0002660790027516 0.0002864542304914 0.0000462517056206
0.574953 0.0002552385807575 0.0002707262049582 0.0000439738077713
0.575628 0.0002482065025959 0.0002654306900140 0.0000433667059790
0.576318 0.0002511740986365 0.0002665004688758 0.0000438028789399
0.577015 0.0002451871071379 0.0002657728561396 0.0000439489415814
0.577707 0.0002425342765707 0.0002588376395081 0.0000430081228715
0.578403 0.0002440574060862 0.0002636715967150 0.0000439024104509
0.579098 0.0002452872049222 0.0002651803064101 0.0000442427692429
0.579781 0.0002466546441177 0.0002598744321518 0.0000434426050382
0.580472 0.0002393062694560 0.0002563850725274 0.0000429447250330
0.581168 0.0002411067241004 0.0002579169431113 0.0000432885936165
0.581863 0.0002430417034572 0.0002603203154864 0.0000437801158998
0.582550 0.0002496520992574 0.0002661119269012 0.0000448915311681
0.583251 0.0002468870351229 0.0002611122853491 0.0000444027879730
0.583940 0.0002442738723581 0.0002605893351321 0.0000446963802844
0.584640 0.0002425171206399 0.0002584493703831 0.0000447204241050
0.585327 0.0002328821186811 0.0002481201981108 0.0000433082569689
0.586032 0.0002297488622161 0.0002439855499057 0.0000429703956219
0.586707 0.0002203168086049 0.0002350346301274 0.0000417570148273
0.587417 0.0002223985942022 0.0002379157316390 0.0000426341847884
0.588115 0.0002218176956661 0.0002363444828899 0.0000424582395645
0.588802 0.0002376886701700 0.0002550862116736 0.0000458668779285
0.589499 0.0002188527863249 0.0002341434999176 0.0000421404211976
0.590200 0.0002192530279287 0.0002349631299993 0.0000423277238133
0.590897 0.0002170182165320 0.0002294437327681 0.0000413719080743
0.591578 0.0002286225673001 0.0002441121762982 0.0000440567272787
0.592297 0.0002374200264862 0.0002519688286653 0.0000455253647466
0.592978 0.0002319927928559 0.0002452948207773 0.0000445824268843
0.593687 0.0002202618412730 0.0002358665107688 0.0000432419257968
0.594381 0.0002229848250075 0.0002413397796859 0.0000446271464098
0.595076 0.0001985802145683 0.0002088062087945 0.0000389473010995
0.595785 0.0002035211462678 0.0002177299929447 0.0000409737549717
0.596484 0.0002039406226437 0.0002210512433997 0.0000419703221327
0.597178 0.0002115739061266 0.0002272681099814 0.0000435344620977
0.597876 0.0002133340201451 0.0002289700292769 0.0000441719518496
0.598575 0.0002068142770805 0.0002177410790907 0.0000422378750491
0.599263 0.0002181859335440 0.0002337635192982 0.0000455929880525
0.599977 0.0002014147266391 0.0002110530688592 0.0000413988019615
0.600676 0.0002062802756448 0.0002191884482191 0.0000432350759308
0.601371 0.0001998233548448 0.0002114565597631 0.0000419450142374
0.602082 0.0001929882663942 0.0002067399722915 0.0000412458953633
0.602787 0.0002048107075154 0.0002178310420410 0.0000437281486917
0.603490 0.0001850152263998 0.0001943724865154 0.0000392872876401
0.604197 0.0001997439767083 0.0002117653599167 0.0000431021231290
0.604889 0.0001982908409166 0.0002104717895616 0.0000431320796947
0.605601 0.0001988379866507 0.0002097975886759 0.0000432994513262
0.606285 0.0002001791134288 0.0002134794096306 0.0000443634055291
0.607005 0.0001830988141515 0.0001973043126753 0.0000413038011566
0.607697 0.0001886958469108 0.0001983294490822 0.0000417848494491
0.608417 0.0001809412196009 0.0001929854808969 0.0000408822602814
0.609115 0.0001755871404429 0.0001849422455153 0.0000393848605619
0.609807 0.0001716995032118 0.0001807868557361 0.0000387032196873
0.610522 0.0001935450159525 0.0002049058699592 0.0000441054298667
0.611225 0.0001850533908965 0.0001973227259222 0.0000427032843137
0.611925 0.0001779011382200 0.0001877298275697 0.0000408470987179
0.612631 0.0001663402319614 0.0001796867074342 0.0000393167804590
0.613341 0.0001694071476007 0.0001803676195301 0.0000397097796307
0.614055 0.0001759710440963 0.0001887676745845 0.0000418205670016
0.614757 0.0001751157562410 0.0001875442643085 0.0000418072260466
0.615463 0.0001628702638863 0.0001726736219177 0.0000387331295752
0.616181 0.0001744477706558 0.0001866473360300 0.0000421384453202
0.616878 0.0001715357256383 0.0001843304487198 0.0000418765859473
0.617601 0.0001674758988449 0.0001787326882408 0.0000408976998546
0.618292 0.0001698553935943 0.0001791819577232 0.0000413721947234
0.619013 0.0001604275124863 0.0001705521575148 0.0000397712685821
0.619711 0.0001642187094083 0.0001739291843623 0.0000409478651765
0.620415 0.0001568807176974 0.0001669936046163 0.0000397013650955
0.621131 0.0001610462275211 0.0001685884549820 0.0000404827025375
0.621837 0.0001580685928010 0.0001692218134604 0.0000410435407283
0.622557 0.0001665345117362 0.0001771802689021 0.0000434133880707
0.623268 0.0001489764997562 0.0001607207844400 0.0000397629463034
0.623968 0.0001414818802625 0.0001474718123906 0.0000368404870479
0.624685 0.0001433622391763 0.0001533993775672 0.0000387031663941
0.625397 0.0001452352583376 0.0001538994023497 0.0000392212227337
0.626106 0.0001370341791766 0.0001438308488240 0.0000370256239936
0.626814 0.0001376555697697 0.0001454836949132 0.0000378326522915
0.627534 0.0001390265548308 0.0001484691772415 0.0000389698716877
0.628243 0.0001388906280214 0.0001469741176688 0.0000387250105895
0.628957 0.0001392545341714 0.0001485626934376 0.0000392641897185
0.629677 0.0001433565686605 0.0001510151323110 0.0000400372795389
0.630384 0.0001409729246466 0.0001485545180848 0.0000395062080309
0.631107 0.0001361141135298 0.0001448431363661 0.0000386406977754
0.631813 0.0001372232785911 0.0001444356915193 0.0000386511290309
0.632518 0.0001379568796444 0.0001452049845391 0.0000390101752986
0.633238 0.0001341181033840 0.0001445748654744 0.0000391806030715
0.633963 0.0001365800217056 0.0001433281369877 0.0000392140088124
0.634682 0.0001336188827855 0.0001397311862277 0.0000385974979607
0.635395 0.0001274754964435 0.0001356048700711 0.0000378196232144
0.636105 0.0001234385832888 0.0001325209844911 0.0000373136950049
0.636826 0.0001314070270321 0.0001383747331814 0.0000393477348202
0.637536 0.0001223701887211 0.0001281447646129 0.0000367795382715
0.638258 0.0001201929988155 0.0001275542429973 0.0000368681548375
0.638964 0.0001193620743710 0.0001255160359800 0.0000365178135659
0.639689 0.0001252137017951 0.0001329205167900 0.0000389373233456
0.640402 0.0001277704381495 0.0001362129367073 0.0000401703210992
0.641115 0.0001173704671824 0.0001249881351185 0.0000371109294612
0.641834 0.0001119605182273 0.0001209056164142 0.0000361480629352
0.642552 0.0001127185992844 0.0001216892329845 0.0000366365745502
0.643285 0.0001187683355023 0.0001280421989760 0.0000388396461195
0.644001 0.0001083403755798 0.0001145445880361 0.0000350042820806
0.644727 0.0001050240889770 0.0001118998653574 0.0000344559723946
0.645450 0.0001142851862004 0.0001221106865428 0.0000378875881468
0.646164 0.0001130004543724 0.0001194074088480 0.0000373287060636
0.646887 0.0001067125026033 0.0001123737794257 0.0000354037309755
0.647596 0.0001123487411514 0.0001190897422225 0.0000378141842213
0.648332 0.0001041838698801 0.0001119261553365 0.0000358719253469
0.649030 0.0001003174901256 0.0001057760800645 0.0000342076171892
0.649761 0.0000991873855027 0.0001036417454539 0.0000338365976340
0.650478 0.0000974705074097 0.0001032880751599 0.0000340385614838
0.651214 0.0001011845358920 0.0001081668314070 0.0000359943907439
0.651937 0.0000967624762367 0.0001020223837226 0.0000342785348667
0.652664 0.0000952938847010 0.0000998991014903 0.0000338715562842
0.653383 0.0000995775893338 0.0001067032008279 0.0000364392693071
0.654116 0.0001003333236557 0.0001075192410962 0.0000369856898789
0.654822 0.0000899842038065 0.0000955186172374 0.0000330905420636
0.655570 0.0000941371356404 0.0000964209712639 0.0000336546829642
0.656277 0.0000935008580699 0.0000994988346860 0.0000349797932793
0.657011 0.0000930991866130 0.0000986068562654 0.0000349280529487
0.657740 0.0000947871484674 0.0001003998365525 0.0000357864824448
0.658460 0.0000867409074626 0.0000916860199662 0.0000328131057603
0.659185 0.0000846191533589 0.0000927971733746 0.0000333456051175
0.659916 0.0000861974375815 0.0000910033649875 0.0000328351157660
0.660622 0.0000868484287127 0.0000916051340668 0.0000331847891030
0.661361 0.0000880718178469 0.0000940602575195 0.0000342172092521
0.662088 0.0000890611272190 0.0000952898000795 0.0000348079049172
0.662823 0.0000853496446736 0.0000923411795786 0.0000339845283850
0.663542 0.0000877122978483 0.0000930250595107 0.0000346373528130
0.664274 0.0000819615096931 0.0000892907304640 0.0000336407807824
0.665000 0.0000775985661468 0.0000825247320681 0.0000314689937735
0.665737 0.0000758672244400 0.0000802985266950 0.0000309972748998
0.666455 0.0000714169800363 0.0000760077192897 0.0000296950792322
0.667177 0.0000782029428447 0.0000826382045994 0.0000326858455803
0.667926 0.0000782895800609 0.0000839666951850 0.0000335672787617
0.668643 0.0000756653818803 0.0000790986190314 0.0000318887965879
0.669391 0.0000733886100315 0.0000787847369001 0.0000320457735442
0.670113 0.0000752834875990 0.0000783855297755 0.0000321604476777
0.670853 0.0000733522468792 0.0000771051898958 0.0000319221352022
0.671557 0.0000732218567047 0.0000771992192895 0.0000322361626613
0.672318 0.0000677190618752 0.0000707874008210 0.0000298342261804
0.673044 0.0000680458336591 0.0000712193912085 0.0000301784046923
0.673791 0.0000653598783139 0.0000673749884335 0.0000286680671295
0.674521 0.0000653554449433 0.0000691637869329 0.0000295488866869
0.675238 0.0000699077069955 0.0000741440719073 0.0000318029059164
0.675993 0.0000636821507306 0.0000672043065781 0.0000289484079381
0.676725 0.0000629051588324 0.0000661580601594 0.0000286150680133
0.677442 0.0000699800765867 0.0000749514225622 0.0000325670488661
0.678177 0.0000652216283339 0.0000691801896091 0.0000303238533550
0.678910 0.0000603696758204 0.0000641082606814 0.0000283783405539
0.679639 0.0000652120393875 0.0000678632304248 0.0000303377339856
0.680407 0.0000580716596342 0.0000603366765694 0.0000272577748303
0.681116 0.0000599421121179 0.0000648898314561 0.0000296026174976
0.681854 0.0000579772224491 0.0000614358140648 0.0000283183711839
0.682592 0.0000572203241103 0.0000625082024328 0.0000290742421196
0.683340 0.0000584281284665 0.0000624143968320 0.0000291562610290
0.684066 0.0000538643237388 0.0000571133795927 0.0000267797588048
0.684812 0.0000559426113819 0.0000582288262481 0.0000274100239029
0.685527 0.0000618088296884 0.0000646320288531 0.0000305386417952
0.686279 0.0000567215088142 0.0000608040126630 0.0000288442473088
0.687008 0.0000494906834783 0.0000532292993341 0.0000253488666236
0.687760 0.0000532877115891 0.0000595513750687 0.0000285183203071
0.688494 0.0000537332952679 0.0000570845745117 0.0000275613037529
0.689228 0.0000535322798947 0.0000563803431950 0.0000274480507045
0.689985 0.0000520441909953 0.0000543621711434 0.0000266935765779
0.690717 0.0000494899804573 0.0000506246628128 0.0000250689385211
0.691452 0.0000466237536590 0.0000479606970621 0.0000239530093181
0.692207 0.0000533748717977 0.0000552988639718 0.0000278646403739
0.692942 0.0000526429887168 0.0000549954745431 0.0000279334071585
0.693680 0.0000476583501279 0.0000523233836531 0.0000267789965919
0.694426 0.0000470449236588 0.0000498098315417 0.0000256901533983
0.695169 0.0000492958883747 0.0000508713108132 0.0000264402317949
0.695932 0.0000460358698599 0.0000497362005466 0.0000260587162299
0.696651 0.0000445830265871 0.0000476759566246 0.0000251693959927
0.697398 0.0000425023350274 0.0000445638336357 0.0000237129170821
0.698140 0.0000447453559669 0.0000469212909430 0.0000251457456669
0.698893 0.0000424612075118 0.0000441329478723 0.0000238187378022
0.699617 0.0000414439033940 0.0000433709105705 0.0000235682660807
